0	0.000000	0.000000	0.000000
0.05	0.03034245	0.000293021555490375	-0.0193764364917344
0.1	0.0606849	0.001179627999753	-0.0391257059843388
0.15	0.09102735	0.00267113199947512	-0.0592478084778133
0.2	0.1213698	0.004778846221344	-0.0797427439721578
0.25	0.15171225	0.00751408333204687	-0.100610512467372
0.3	0.1820547	0.010888155998271	-0.121851113963457
0.35	0.21239715	0.0149123768867036	-0.143464548460412
0.4	0.2427396	0.019598058664032	-0.165450815958237
0.45	0.27308205	0.0249565139969434	-0.187809916456932
0.5	0.3034245	0.030999055552125	-0.210541849956497
0.55	0.33376695	0.0377369959962641	-0.233646616456932
0.6	0.3641094	0.045181647996048	-0.257124215958237
0.65	0.39445185	0.0533443242181639	-0.280974648460412
0.7	0.4247943	0.062236337329299	-0.305197913963457
0.75	0.45513675	0.0718689999961406	-0.329794012467372
0.8	0.4854792	0.082253624885376	-0.354762943972158
0.85	0.51582165	0.0934015246636924	-0.380104708477813
0.9	0.5461641	0.105324011997777	-0.405819305984339
0.95	0.57650655	0.118032399554317	-0.431906736491734
1	0.606849	0.131538	-0.458367
1.05	0.6371514	0.145709429294508	-0.476692187718597
1.1	0.6674538	0.160411192580064	-0.493369771466815
1.15	0.6977562	0.175593363502116	-0.508399751244654
1.2	0.7280586	0.191206015706112	-0.521782127052115
1.25	0.758361	0.2071992228375	-0.533516898889197
1.3	0.7886634	0.223523058541728	-0.543604066755901
1.35	0.8189658	0.240127596464244	-0.552043630652226
1.4	0.8492682	0.256962910250496	-0.558835590578172
1.45	0.8795706	0.273979073545932	-0.56397994653374
1.5	0.909873	0.291126159996	-0.567476698518929
1.55	0.9401754	0.308354243246148	-0.56932584653374
1.6	0.9704778	0.325613396941824	-0.569527390578172
1.65	1.0007802	0.342853694728476	-0.568081330652226
1.7	1.0310826	0.360025210251552	-0.564987666755901
1.75	1.061385	0.3770780171565	-0.560246398889197
1.8	1.0916874	0.393962189088768	-0.553857527052115
1.85	1.1219898	0.410627799693804	-0.545821051244654
1.9	1.1522922	0.427024922617056	-0.536136971466814
1.95	1.1825946	0.443103631503972	-0.524805287718596
2	1.212897	0.458814	-0.511826
2.05	1.24310675	0.473979109892785	-0.492048620055777
2.1	1.2733165	0.48853649463478	-0.471592290631998
2.15	1.30352625	0.502465643331945	-0.450457011728664
2.2	1.333736	0.51574604509024	-0.428642783345774
2.25	1.36394575	0.528357189015625	-0.406149605483329
2.3	1.3941555	0.54027856421406	-0.382977478141329
2.35	1.42436525	0.551489659791505	-0.359126401319773
2.4	1.454575	0.56196996485392	-0.334596375018661
2.45	1.48478475	0.571698968507265	-0.309387399237994
2.5	1.5149945	0.5806561598575	-0.283499473977772
2.55	1.54520425	0.588821028010585	-0.256932599237994
2.6	1.575414	0.59617306207248	-0.229686775018661
2.65	1.60562375	0.602691751149145	-0.201762001319772
2.7	1.6358335	0.60835658434654	-0.173158278141329
2.75	1.66604325	0.613147050770625	-0.143875605483329
2.8	1.696253	0.61704263952736	-0.113913983345774
2.85	1.72646275	0.620022839722705	-0.0832734117286637
2.9	1.7566725	0.62206714046262	-0.0519538906319979
2.95	1.78688225	0.623155030853065	-0.0199554200557767
3	1.817092	0.623266	0.012722
3.05	1.8482428	0.622386564265141	0.0436213998881891
3.1	1.8793936	0.620555775969688	0.0738024576828846
3.15	1.9105444	0.617796012044527	0.103265173384086
3.2	1.9416952	0.614129649420544	0.132009546991795
3.25	1.972846	0.609579065028625	0.160035578506009
3.3	2.0039968	0.604166635799656	0.187343267926731
3.35	2.0351476	0.597914738664523	0.213932615253958
3.4	2.0662984	0.590845750554112	0.239803620487692
3.45	2.0974492	0.582982048399309	0.264956283627933
3.5	2.1286	0.574346009131	0.289390604674679
3.55	2.1597508	0.564960009680071	0.313106583627933
3.6	2.1909016	0.554846426977408	0.336104220487692
3.65	2.2220524	0.544027637953897	0.358383515253958
3.7	2.2532032	0.532526019540424	0.379944467926731
3.75	2.284354	0.520363948667875	0.40078707850601
3.8	2.3155048	0.507563802267136	0.420911346991795
3.85	2.3466556	0.494147957269093	0.440317273384087
3.9	2.3778064	0.480138790604632	0.459004857682885
3.95	2.4089572	0.465558679204639	0.476974099888189
4	2.440108	0.450430	0.494225
4.05	2.47126785	0.434929651725739	0.500511321311231
4.1	2.5024277	0.419248008583104	0.505861440379174
4.15	2.53358755	0.403414242493565	0.51027535720383
4.2	2.5647474	0.387457525378592	0.513753071785198
4.25	2.59590725	0.371407029159656	0.516294584123279
4.3	2.6270671	0.355291925758228	0.517899894218072
4.35	2.65822695	0.339141387095778	0.518569002069578
4.4	2.6893868	0.322984585093776	0.518301907677797
4.45	2.72054665	0.306850691673693	0.517098611042728
4.5	2.7517065	0.290768878757	0.514959112164372
4.55	2.78286635	0.274768318265167	0.511883411042728
4.6	2.8140262	0.258878182119664	0.507871507677797
4.65	2.84518605	0.243127642241962	0.502923402069578
4.7	2.8763459	0.227545870553532	0.497039094218072
4.75	2.90750575	0.212162038975844	0.490218584123279
4.8	2.9386656	0.197005319430368	0.482461871785198
4.85	2.96982545	0.182104883838575	0.473768957203829
4.9	3.0009853	0.167489904121936	0.464139840379174
4.95	3.03214515	0.153189552201921	0.453574521311231
5	3.063305	0.139233	0.442073
5.05	3.09458385	0.125693315361915	0.423603802817571
5.1	3.1258627	0.112737309209199	0.404752031654345
5.15	3.15714155	0.100376948016012	0.385517686510322
5.2	3.1884204	0.088624198256512	0.365900767385502
5.25	3.21969925	0.0774910264048594	0.345901274279885
5.3	3.2509781	0.066989398935213	0.325519207193471
5.35	3.28225695	0.0571312823217321	0.30475456612626
5.4	3.3135358	0.047928643038576	0.283607351078253
5.45	3.34481465	0.0393934475599039	0.262077562049448
5.5	3.3760935	0.031537662359875	0.240165199039847
5.55	3.40737235	0.0243732539126486	0.217870262049448
5.6	3.4386512	0.017912188692384	0.195192751078253
5.65	3.46993005	0.0121664331732404	0.17213266612626
5.7	3.5012089	0.007147953829377	0.148690007193471
5.75	3.53248775	0.00286871713495312	0.124864774279885
5.8	3.5637666	-0.000659310435872029	0.100656967385502
5.85	3.59504545	-0.00342416240893917	0.0760665865103218
5.9	3.6263243	-0.005413872310089	0.0510936316543448
5.95	3.65760315	-0.00661647366516238	0.025738102817571
6	3.688882	-0.007020	0.000000