0	0.000000	0.000000	0.000000
0.05	0.02313025	0.00038399796291	-0.0330470570326737
0.1	0.0462605	0.00152155491208	-0.0651578764829607
0.15	0.06939075	0.00339101543817	-0.0963324583508609
0.2	0.092521	0.00597072413184	-0.126570802636374
0.25	0.11565125	0.00923902558375	-0.155872909339501
0.3	0.1387815	0.01317426438456	-0.184238778460242
0.35	0.16191175	0.01775478512493	-0.211668409998595
0.4	0.185042	0.02295893239552	-0.238161803954562
0.45	0.20817225	0.02876505078699	-0.263718960328142
0.5	0.2313025	0.03515148489	-0.288339879119335
0.55	0.25443275	0.04209657929521	-0.312024560328142
0.6	0.277563	0.04957867859328	-0.334773003954562
0.65	0.30069325	0.05757612737487	-0.356585209998595
0.7	0.3238235	0.06606727023064	-0.377461178460242
0.75	0.34695375	0.07503045175125	-0.397400909339501
0.8	0.370084	0.08444401652736	-0.416404402636375
0.85	0.39321425	0.09428630914963	-0.434471658350861
0.9	0.4163445	0.10453567420872	-0.451602676482961
0.95	0.43947475	0.11517045629529	-0.467797457032674
1	0.462605	0.126169	-0.483056
1.05	0.4858974	0.137498467161902	-0.489609015166578
1.1	0.5091898	0.148970874600656	-0.495329555052463
1.15	0.5324822	0.160566831969034	-0.500217619657657
1.2	0.5557746	0.172266948919808	-0.504273208982157
1.25	0.579067	0.18405183510575	-0.507496323025966
1.3	0.6023594	0.195902100179632	-0.509886961789081
1.35	0.6256518	0.207798353794226	-0.511445125271505
1.4	0.6489442	0.219721205602304	-0.512170813473236
1.45	0.6722366	0.231651265256638	-0.512064026394275
1.5	0.695529	0.24356914241	-0.511124764034621
1.55	0.7188214	0.255455446715162	-0.509353026394275
1.6	0.7421138	0.267290787824896	-0.506748813473236
1.65	0.7654062	0.279055775391974	-0.503312125271505
1.7	0.7886986	0.290731019069168	-0.499042961789081
1.75	0.811991	0.30229712850925	-0.493941323025965
1.8	0.8352834	0.313734713364992	-0.488007208982157
1.85	0.8585758	0.325024383289166	-0.481240619657657
1.9	0.8818682	0.336146747934544	-0.473641555052463
1.95	0.9051606	0.347082416953898	-0.465210015166578
2	0.928453	0.357812	-0.455946
2.05	0.95173805	0.368209508299322	-0.437048813391897
2.1	0.9750231	0.378162231506396	-0.417742509584648
2.15	0.99830815	0.387660643306784	-0.398027088578251
2.2	1.0215932	0.396695217386048	-0.377902550372707
2.25	1.04487825	0.40525642742975	-0.357368894968016
2.3	1.0681633	0.413334747123452	-0.336426122364178
2.35	1.09144835	0.420920650152716	-0.315074232561193
2.4	1.1147334	0.428004610203104	-0.29331322555906
2.45	1.13801845	0.434577100960178	-0.271143101357781
2.5	1.1613035	0.4406285961095	-0.248563859957355
2.55	1.18458855	0.446149569336632	-0.225575501357781
2.6	1.2078736	0.451130494327136	-0.20217802555906
2.65	1.23115865	0.455561844766574	-0.178371432561193
2.7	1.2544437	0.459434094340508	-0.154155722364178
2.75	1.27772875	0.4627377167345	-0.129530894968016
2.8	1.3010138	0.465463185634112	-0.104496950372707
2.85	1.32429885	0.467600974724906	-0.0790538885782509
2.9	1.3475839	0.469141557692444	-0.0532017095846477
2.95	1.37086895	0.470075408222288	-0.0269404133918974
3	1.394154	0.470393	-0.000270
3.05	1.41738185	0.470089347895005	0.0263451073009986
3.1	1.4406097	0.469172390656496	0.0525377401492605
3.15	1.46383755	0.467651941457692	0.0783078985447857
3.2	1.4870654	0.465537813471808	0.103655582487574
3.25	1.51029325	0.462839819872063	0.128580791977626
3.3	1.5335211	0.459567773831672	0.153083527014941
3.35	1.55674895	0.455731488523853	0.17716378759952
3.4	1.5799768	0.451340777121824	0.200821573731361
3.45	1.60320465	0.446405452798801	0.224056885410466
3.5	1.6264325	0.440935328728	0.246869722636835
3.55	1.64966035	0.434940218082639	0.269260085410466
3.6	1.6728882	0.428429934035936	0.291227973731361
3.65	1.69611605	0.421414289761107	0.31277338759952
3.7	1.7193439	0.413903098431368	0.333896327014941
3.75	1.74257175	0.405906173219937	0.354596791977626
3.8	1.7657996	0.397433327300032	0.374874782487574
3.85	1.78902745	0.388494373844869	0.394730298544786
3.9	1.8122553	0.379099126027664	0.414163340149261
3.95	1.83548315	0.369257397021636	0.433173907300999
4	1.858711	0.358979	0.451762
4.05	1.8819585	0.348368204868275	0.460955921257124
4.1	1.905206	0.3375532152192	0.469329008697709
4.15	1.9284535	0.326553113386925	0.476881262321755
4.2	1.951701	0.3153869817056	0.483612682129261
4.25	1.9749485	0.304073902509375	0.489523268120228
4.3	1.998196	0.2926329581324	0.494613020294655
4.35	2.0214435	0.281083230908825	0.498881938652543
4.4	2.044691	0.2694438031728	0.502330023193892
4.45	2.0679385	0.257733757258475	0.504957273918701
4.5	2.091186	0.2459721755	0.506763690826971
4.55	2.1144335	0.234178140231525	0.507749273918701
4.6	2.137681	0.2223707337872	0.507914023193892
4.65	2.1609285	0.210569038501175	0.507257938652543
4.7	2.184176	0.1987921367076	0.505781020294655
4.75	2.2074235	0.187059110740625	0.503483268120228
4.8	2.230671	0.1753890429344	0.500364682129261
4.85	2.2539185	0.163801015623075	0.496425262321755
4.9	2.277166	0.1523141111408	0.491665008697709
4.95	2.3004135	0.140947411821725	0.486083921257124
5	2.323661	0.129720	0.479682
5.05	2.34676935	0.118812976760908	0.464159344234671
5.1	2.3698777	0.108274947537586	0.44774601012885
5.15	2.39298605	0.0981264944368627	0.430441997682537
5.2	2.4160944	0.088388199565568	0.412247306895732
5.25	2.43920275	0.0790806450305312	0.393161937768436
5.3	2.4623111	0.070224412938582	0.373185890300649
5.35	2.48541945	0.0618400853965498	0.35231916449237
5.4	2.5085278	0.053948244511264	0.330561760343599
5.45	2.53163615	0.0465694723895543	0.307913677854336
5.5	2.5547445	0.03972435113825	0.284374917024582
5.55	2.57785285	0.0334334628641808	0.259945477854336
5.6	2.6009612	0.027717389674176	0.234625360343599
5.65	2.62406955	0.0225967136750653	0.20841456449237
5.7	2.6471779	0.018092016973678	0.181313090300649
5.75	2.67028625	0.0142238816768438	0.153320937768436
5.8	2.6933946	0.011012889891392	0.124438106895732
5.85	2.71650295	0.00847962372415227	0.0946645976825368
5.9	2.7396113	0.00664466528195402	0.0640004101288495
5.95	2.76271965	0.00552859667162676	0.0324455442346706
6	2.785828	0.005152	0.000000