0	0.000000	0.000000	0.000000
0.05	0.02396985	0.00031184808156375	-0.0258459152421167
0.1	0.0479397	0.00123069851961	-0.0506471551955895
0.15	0.07190955	0.00273151060417125	-0.0744037198604184
0.2	0.0958794	0.00478924362528	-0.0971156092366035
0.25	0.11984925	0.00737885687296875	-0.118782823324145
0.3	0.1438191	0.01047530963727	-0.139405362123042
0.35	0.16778895	0.0140535612082162	-0.158983225633296
0.4	0.1917588	0.01808857087584	-0.177516413854905
0.45	0.21572865	0.0225552979301738	-0.195004926787871
0.5	0.2396985	0.02742870166125	-0.211448764432193
0.55	0.26366835	0.0326837413591013	-0.226847926787871
0.6	0.2876382	0.03829537631376	-0.241202413854905
0.65	0.31160805	0.0442385658152587	-0.254512225633296
0.7	0.3355779	0.05048826915363	-0.266777362123042
0.75	0.35954775	0.0570194456189062	-0.277997823324145
0.8	0.3835176	0.06380705450112	-0.288173609236603
0.85	0.40748745	0.0708260550903037	-0.297304719860418
0.9	0.4314573	0.07805140667649	-0.305391155195589
0.95	0.45542715	0.0854580685497112	-0.312432915242117
1	0.479397	0.093021	-0.318430
1.05	0.5036584	0.100764890294389	-0.319870010487255
1.1	0.5279198	0.108538531116188	-0.320882498817958
1.15	0.5521812	0.11633155017935	-0.321467464992107
1.2	0.5764426	0.124133575197824	-0.321624909009703
1.25	0.600704	0.131934233885562	-0.321354830870745
1.3	0.6249654	0.139723153956516	-0.320657230575235
1.35	0.6492268	0.147489963124635	-0.319532108123171
1.4	0.6734882	0.155224289103872	-0.317979463514554
1.45	0.6977496	0.162915759608177	-0.315999296749384
1.5	0.722011	0.1705540023515	-0.31359160782766
1.55	0.7462724	0.178128645047794	-0.310756396749384
1.6	0.7705338	0.185629315411008	-0.307493663514554
1.65	0.7947952	0.193045641155095	-0.303803408123171
1.7	0.8190566	0.200367249994004	-0.299685630575235
1.75	0.843318	0.207583769641688	-0.295140330870745
1.8	0.8675794	0.214684827812096	-0.290167509009703
1.85	0.8918408	0.221660052219181	-0.284767164992107
1.9	0.9161022	0.228499070576892	-0.278939298817958
1.95	0.9403636	0.235191510599182	-0.272683910487256
2	0.964625	0.241727	-0.266001
2.05	0.9891407	0.248108323358314	-0.254568423369565
2.1	1.0136564	0.25420780038535	-0.243007870594966
2.15	1.0381721	0.260022293656351	-0.231319341676201
2.2	1.0626878	0.26554866574656	-0.219502836613272
2.25	1.0872035	0.270783779231219	-0.207558355406178
2.3	1.1117192	0.27572449668557	-0.19548589805492
2.35	1.1362349	0.280367680684856	-0.183285464559497
2.4	1.1607506	0.28471019380432	-0.170957054919908
2.45	1.1852663	0.288748898619204	-0.158500669136156
2.5	1.209782	0.29248065770475	-0.145916307208238
2.55	1.2342977	0.295902333636201	-0.133203969136156
2.6	1.2588134	0.2990107889888	-0.120363654919908
2.65	1.2833291	0.301802886337789	-0.107395364559497
2.7	1.3078448	0.30427548825841	-0.0942990980549199
2.75	1.3323605	0.306425457325906	-0.0810748554061785
2.8	1.3568762	0.30824965611552	-0.0677226366132723
2.85	1.3813919	0.309744947202494	-0.0542424416762014
2.9	1.4059076	0.31090819316207	-0.0406342705949657
2.95	1.4304233	0.311736256569491	-0.0268981233695652
3	1.454939	0.312226	-0.013034
3.05	1.47814445	0.312352306582412	0.00210040603646988
3.1	1.5013499	0.312130729871916	0.0169488956480482
3.15	1.52455535	0.311567904687814	0.0315114688347349
3.2	1.5477608	0.310670465849408	0.0457881255965301
3.25	1.57096625	0.309445048176	0.0597788659334337
3.3	1.5941717	0.307898286486892	0.0734836898454458
3.35	1.61737715	0.306036815601386	0.0869025973325663
3.4	1.6405826	0.303867270338784	0.100035588394795
3.45	1.66378805	0.301396285518388	0.112882663032133
3.5	1.6869935	0.2986304959595	0.125443821244578
3.55	1.71019895	0.295576536481422	0.137719063032133
3.6	1.7334044	0.292241041903456	0.149708388394795
3.65	1.75660985	0.288630647044904	0.161411797332566
3.7	1.7798153	0.284751986725068	0.172829289845446
3.75	1.80302075	0.28061169576325	0.183960865933434
3.8	1.8262262	0.276216408978752	0.19480652559653
3.85	1.84943165	0.271572761190876	0.205366268834735
3.9	1.8726371	0.266687387218924	0.215640095648048
3.95	1.89584255	0.261566921882198	0.22562800603647
4	1.919048	0.256218	0.235330
4.05	1.9424255	0.250608327157331	0.244478561763715
4.1	1.965803	0.24479264691015	0.252954417025986
4.15	1.9891805	0.238786685454694	0.260757565786814
4.2	2.012558	0.2326061689872	0.267888008046198
4.25	2.0359355	0.226266823703906	0.274345743804139
4.3	2.059313	0.21978437580105	0.280130773060635
4.35	2.0826905	0.213174551474869	0.285243095815688
4.4	2.106068	0.2064530769216	0.289682712069297
4.45	2.1294455	0.199635678337481	0.293449621821463
4.5	2.152823	0.19273808191875	0.296543825072185
4.55	2.1762005	0.185776013861644	0.298965321821463
4.6	2.199578	0.1787652003624	0.300714112069297
4.65	2.2229555	0.171721367617256	0.301790195815688
4.7	2.246333	0.16466024182245	0.302193573060635
4.75	2.2697105	0.157597549174219	0.301924243804139
4.8	2.293088	0.1505490158688	0.300982208046198
4.85	2.3164655	0.143530368102431	0.299367465786814
4.9	2.339843	0.13655733207135	0.297080017025986
4.95	2.3632205	0.129645633971794	0.294119861763715
5	2.386598	0.122811	0.290487
5.05	2.4099844	0.116077252227938	0.285219293275836
5.1	2.4333708	0.109478090813584	0.278977203048952
5.15	2.4567572	0.103036303079286	0.271760729319348
5.2	2.4801436	0.096774676347392	0.263569872087025
5.25	2.50353	0.09071599794025	0.254404631351982
5.3	2.5269164	0.084883055180208	0.24426500711422
5.35	2.5503028	0.079298635389614	0.233150999373739
5.4	2.5736892	0.073985525890816	0.221062608130538
5.45	2.5970756	0.068966514006162	0.207999833384617
5.5	2.620462	0.064264387058	0.193962675135977
5.55	2.6438484	0.059901932368678	0.178951133384617
5.6	2.6672348	0.055901937260544	0.162965208130538
5.65	2.6906212	0.052287189055946	0.146004899373739
5.7	2.7140076	0.049080475077232	0.12807020711422
5.75	2.737394	0.04630458264675	0.109161131351982
5.8	2.7607804	0.043982299086848	0.089277672087025
5.85	2.7841668	0.042136411719874	0.0684198293193481
5.9	2.8075532	0.040789707868176	0.0465876030489516
5.95	2.8309396	0.039964974854102	0.0237809932758356
6	2.854326	0.039685	0.000000