0	0.000000	0.000000	0.000000
0.05	0.02809325	0.00049189749866625	-0.034997103070088
0.1	0.0561865	0.00196513946863	-0.0698633637117457
0.15	0.08427975	0.00441605012083875	-0.104598781924973
0.2	0.112373	0.00784095366624	-0.13920335770977
0.25	0.14046625	0.0122361743157812	-0.173677091066137
0.3	0.1685595	0.01759803628041	-0.208019981994073
0.35	0.19665275	0.0239228637710737	-0.242232030493579
0.4	0.224746	0.03120698099872	-0.276313236564655
0.45	0.25283925	0.0394467121742962	-0.310263600207301
0.5	0.2809325	0.04863838150875	-0.344083121421516
0.55	0.30902575	0.0587783132130288	-0.377771800207301
0.6	0.337119	0.06986283149808	-0.411329636564655
0.65	0.36521225	0.0818882605748513	-0.444756630493579
0.7	0.3933055	0.09485092465429	-0.478052781994073
0.75	0.42139875	0.108747147947344	-0.511218091066137
0.8	0.449492	0.12357325466496	-0.54425255770977
0.85	0.47758525	0.139325569018086	-0.577156181924973
0.9	0.5056785	0.15600041521767	-0.609928963711746
0.95	0.53377175	0.173594117474659	-0.642570903070088
1	0.561865	0.192103	-0.675082
1.05	0.5903401	0.211597584425285	-0.693835275316303
1.1	0.6188152	0.231598832607898	-0.710668442704573
1.15	0.6472903	0.252052069282578	-0.725581502164812
1.2	0.6757654	0.272902619184064	-0.738574453697019
1.25	0.7042405	0.294095807047094	-0.749647297301195
1.3	0.7327156	0.315576957606406	-0.758800032977338
1.35	0.7611907	0.337291395596739	-0.76603266072545
1.4	0.7896658	0.359184445752832	-0.771345180545529
1.45	0.8181409	0.381201432809423	-0.774737592437577
1.5	0.846616	0.40328768150125	-0.776209896401593
1.55	0.8750911	0.425388516563052	-0.775762092437577
1.6	0.9035662	0.447449262729568	-0.773394180545529
1.65	0.9320413	0.469415244735536	-0.76910616072545
1.7	0.9605164	0.491231787315694	-0.762898032977338
1.75	0.9889915	0.512844215204781	-0.754769797301195
1.8	1.0174666	0.534197853137536	-0.744721453697019
1.85	1.0459417	0.555238025848697	-0.732753002164813
1.9	1.0744168	0.575910058073002	-0.718864442704574
1.95	1.1028919	0.59615927454519	-0.703055775316303
2	1.131367	0.615931	-0.685327
2.05	1.1596712	0.634947536566979	-0.658273092134277
2.1	1.1879754	0.653187691696432	-0.63046719562284
2.15	1.2162796	0.670630180951333	-0.601909310465691
2.2	1.2445838	0.687253719894656	-0.572599436662827
2.25	1.272888	0.703037024089375	-0.542537574214251
2.3	1.3011922	0.717958809098464	-0.511723723119961
2.35	1.3294964	0.731997790484897	-0.480157883379958
2.4	1.3578006	0.745132683811648	-0.447840054994241
2.45	1.3861048	0.757342204641691	-0.414770237962811
2.5	1.414409	0.768605068538	-0.380948432285668
2.55	1.4427132	0.778899991063549	-0.346374637962811
2.6	1.4710174	0.788205687781312	-0.311048854994241
2.65	1.4993216	0.796500874254263	-0.274971083379958
2.7	1.5276258	0.803764266045376	-0.238141323119961
2.75	1.55593	0.809974578717625	-0.200559574214251
2.8	1.5842342	0.815110527833984	-0.162225836662827
2.85	1.6125384	0.819150828957427	-0.123140110465691
2.9	1.6408426	0.822074197650928	-0.0833023956228404
2.95	1.6691468	0.823859349477461	-0.042712692134277
3	1.697451	0.824485	-0.001371
3.05	1.72568265	0.823933632008312	0.0403000787204388
3.1	1.7539143	0.822216932281419	0.0811839859966208
3.15	1.78214595	0.819357123968024	0.121280721828546
3.2	1.8103776	0.815376430216832	0.160590286216215
3.25	1.83860925	0.810297074176547	0.199112679159627
3.3	1.8668409	0.804141278995873	0.236847900658782
3.35	1.89507255	0.796931267823515	0.27379595071368
3.4	1.9233042	0.788689263808176	0.309956829324322
3.45	1.95153585	0.779437490098561	0.345330536490707
3.5	1.9797675	0.769198169843375	0.379917072212836
3.55	2.00799915	0.757993526191321	0.413716436490707
3.6	2.0362308	0.745845782291104	0.446728629324322
3.65	2.06446245	0.732777161291428	0.47895365071368
3.7	2.0926941	0.718809886340997	0.510391500658782
3.75	2.12092575	0.703966180588516	0.541042179159626
3.8	2.1491574	0.688268267182688	0.570905686216215
3.85	2.17738905	0.671738369272218	0.599982021828546
3.9	2.2056207	0.654398710005811	0.628271185996621
3.95	2.23385235	0.63627151253217	0.655773178720439
4	2.262084	0.617379	0.682488
4.05	2.2905322	0.59767891731732	0.702148858209658
4.1	2.3189804	0.57744873589504	0.71975564713409
4.15	2.3474286	0.556746890307	0.735308366773293
4.2	2.3758768	0.53563181512704	0.74880701712727
4.25	2.404325	0.514161944929	0.76025159819602
4.3	2.4327732	0.49239571428672	0.769642109979542
4.35	2.4612214	0.47039155777404	0.776978552477837
4.4	2.4896696	0.4482079099648	0.782260925690905
4.45	2.5181178	0.42590320543284	0.785489229618746
4.5	2.546566	0.403535878752	0.78666346426136
4.55	2.5750142	0.38116436449612	0.785783629618746
4.6	2.6034624	0.35884709723904	0.782849725690905
4.65	2.6319106	0.3366425115546	0.777861752477838
4.7	2.6603588	0.31460904201664	0.770819709979542
4.75	2.688807	0.292805123199	0.76172359819602
4.8	2.7172552	0.27128918967552	0.75057341712727
4.85	2.7457034	0.25011967602004	0.737369166773294
4.9	2.7741516	0.2293550168064	0.72211084713409
4.95	2.8025998	0.20905364660844	0.704798458209658
5	2.831048	0.189274	0.685432
5.05	2.85908425	0.170523056273725	0.652171640280886
5.1	2.8871205	0.1527061004858	0.618804834216416
5.15	2.91515675	0.135826116992575	0.58533158180659
5.2	2.943193	0.1198860901504	0.551751883051407
5.25	2.97122925	0.104889004315625	0.518065737950867
5.3	2.9992655	0.0908378438446	0.484273146504971
5.35	3.02730175	0.077735593093675	0.450374108713719
5.4	3.055338	0.0655852364192	0.41636862457711
5.45	3.08337425	0.054389758177525	0.382256694095145
5.5	3.1114105	0.044152142725	0.348038317267823
5.55	3.13944675	0.0348753744179749	0.313713494095145
5.6	3.167483	0.0265624376128	0.27928222457711
5.65	3.19551925	0.019216316665825	0.244744508713719
5.7	3.2235555	0.0128399959334	0.210100346504971
5.75	3.25159175	0.00743645977187496	0.175349737950867
5.8	3.279628	0.0030086925376	0.140492683051407
5.85	3.30766425	-0.000440321413075012	0.10552918180659
5.9	3.3357005	-0.00290759772380003	0.0704592342164162
5.95	3.36373675	-0.00439015203822499	0.0352828402808864
6	3.391773	-0.004885	0.000000