0	0.000000	0.000000	0.000000
0.05	0.02324135	0.000318359431915	-0.0273170198824509
0.1	0.0464827	0.00126609995252	-0.0541604587246438
0.15	0.06972405	0.002832214899105	-0.0805303165265787
0.2	0.0929654	0.00500569760896	-0.106426593288256
0.25	0.11620675	0.007775541419375	-0.131849289009675
0.3	0.1394481	0.01113073966764	-0.156798403690836
0.35	0.16268945	0.015060285691045	-0.181273937331738
0.4	0.1859308	0.01955317282688	-0.205275889932383
0.45	0.20917215	0.024598394412435	-0.22880426149277
0.5	0.2324135	0.030184943785	-0.251859052012899
0.55	0.25565485	0.036301814281865	-0.274440261492771
0.6	0.2788962	0.04293799924032	-0.296547889932383
0.65	0.30213755	0.050082491997655	-0.318181937331738
0.7	0.3253789	0.05772428589116	-0.339342403690836
0.75	0.34862025	0.065852374258125	-0.360029289009675
0.8	0.3718616	0.07445575043584	-0.380242593288256
0.85	0.39510295	0.083523407761595	-0.399982316526579
0.9	0.4183443	0.09304433957268	-0.419248458724644
0.95	0.44158565	0.103007539206385	-0.438041019882451
1	0.464827	0.113402	-0.456360
1.05	0.4879687	0.124070255804856	-0.465463019600461
1.1	0.5111104	0.134937291447328	-0.473539363453506
1.15	0.5342521	0.145979347905272	-0.480589031559134
1.2	0.5573938	0.157172666156544	-0.486612023917344
1.25	0.5805355	0.168493487179	-0.491608340528138
1.3	0.6036772	0.179918051950496	-0.495577981391514
1.35	0.6268189	0.191422601448888	-0.498520946507474
1.4	0.6499606	0.202983376652032	-0.500437235876016
1.45	0.6731023	0.214576618537784	-0.501326849497142
1.5	0.696244	0.226178568084	-0.50118978737085
1.55	0.7193857	0.237765466268536	-0.500026049497142
1.6	0.7425274	0.249313554069248	-0.497835635876016
1.65	0.7656691	0.260799072463992	-0.494618546507474
1.7	0.7888108	0.272198262430624	-0.490374781391514
1.75	0.8119525	0.283487364947	-0.485104340528138
1.8	0.8350942	0.294642620990976	-0.478807223917344
1.85	0.8582359	0.305640271540408	-0.471483431559134
1.9	0.8813776	0.316456557573152	-0.463132963453506
1.95	0.9045193	0.327067720067064	-0.453755819600461
2	0.927661	0.337450	-0.443352
2.05	0.95077175	0.347498114300721	-0.426122194337646
2.1	0.9738825	0.35714195127627	-0.408365915587119
2.15	0.99699325	0.366369343738724	-0.390083163748418
2.2	1.020104	0.37516812450016	-0.371273938821544
2.25	1.04321475	0.383526126372656	-0.351938240806497
2.3	1.0663255	0.39143118216829	-0.332076069703277
2.35	1.08943625	0.398871124699139	-0.311687425511883
2.4	1.112547	0.40583378677728	-0.290772308232316
2.45	1.13565775	0.412307001214791	-0.269330717864576
2.5	1.1587685	0.41827860082375	-0.247362654408663
2.55	1.18187925	0.423736418416234	-0.224868117864576
2.6	1.20499	0.42866828680432	-0.201847108232316
2.65	1.22810075	0.433062038800086	-0.178299625511883
2.7	1.2512115	0.43690550721561	-0.154225669703277
2.75	1.27432225	0.440186524862969	-0.129625240806497
2.8	1.297433	0.44289292455424	-0.104498338821544
2.85	1.32054375	0.445012539101501	-0.0788449637484179
2.9	1.3436545	0.44653320131683	-0.0526651155871185
2.95	1.36676525	0.447442744012304	-0.025958794337646
3	1.389876	0.447729	0.001274
3.05	1.4133295	0.447372855152497	0.0289951667131771
3.1	1.436783	0.44637366730198	0.0561095685091777
3.15	1.4602365	0.444745667209432	0.0826172053880018
3.2	1.48369	0.44250308563584	0.108518077349649
3.25	1.5071435	0.439660153342187	0.13381218439412
3.3	1.530597	0.43623110108946	0.158499526521415
3.35	1.5540505	0.432230159638642	0.182580103731532
3.4	1.577504	0.42767155975072	0.206053916024474
3.45	1.6009575	0.422569532186677	0.228920963400239
3.5	1.624411	0.4169383077075	0.251181245858827
3.55	1.6478645	0.410792117074173	0.272834763400239
3.6	1.671318	0.40414519104768	0.293881516024474
3.65	1.6947715	0.397011760389007	0.314321503731532
3.7	1.718225	0.38940605585914	0.334154726521415
3.75	1.7416785	0.381342308219063	0.35338118439412
3.8	1.765132	0.37283474822976	0.372000877349649
3.85	1.7885855	0.363897606652217	0.390013805388002
3.9	1.812039	0.35454511424742	0.407419968509178
3.95	1.8354925	0.344791501776353	0.424219366713177
4	1.858946	0.334651	0.440412
4.05	1.8823526	0.324211304581625	0.45143496471822
4.1	1.9057592	0.313526456054404	0.461359348939786
4.15	1.9291658	0.302622168452588	0.470185152664697
4.2	1.9525724	0.291524155810432	0.477912375892953
4.25	1.975979	0.280258132162187	0.484541018624554
4.3	1.9993856	0.268849811542108	0.490071080859501
4.35	2.0227922	0.257324907984447	0.494502562597792
4.4	2.0461988	0.245709135523456	0.497835463839429
4.45	2.0696054	0.234028208193389	0.500069784584412
4.5	2.093012	0.2223078400285	0.501205524832739
4.55	2.1164186	0.21057374506304	0.501242684584412
4.6	2.1398252	0.198851637331264	0.500181263839429
4.65	2.1632318	0.187167230867424	0.498021262597792
4.7	2.1866384	0.175546239705772	0.494762680859501
4.75	2.210045	0.164014377880563	0.490405518624554
4.8	2.2334516	0.152597359426048	0.484949775892953
4.85	2.2568582	0.141320898376482	0.478395452664697
4.9	2.2802648	0.130210708766116	0.470742548939786
4.95	2.3036714	0.119292504629205	0.46199106471822
5	2.327078	0.108592	0.452141
5.05	2.3505286	0.0981692773445235	0.436643103830584
5.1	2.3739792	0.088118764069948	0.420396875679002
5.15	2.3974298	0.0784580090102545	0.403402315545253
5.2	2.4208804	0.069204560999424	0.385659423429337
5.25	2.444331	0.0603759688714375	0.367168199331254
5.3	2.4677816	0.051989781460276	0.347928643251004
5.35	2.4912322	0.0440635475999205	0.327940755188588
5.4	2.5146828	0.036614816124352	0.307204535144005
5.45	2.5381334	0.0296611358675515	0.285719983117255
5.5	2.561584	0.0232200556635	0.263487099108339
5.55	2.5850346	0.0173091243461785	0.240505883117255
5.6	2.6084852	0.011945890749568	0.216776335144005
5.65	2.6319358	0.00714790370764948	0.192298455188588
5.7	2.6553864	0.00293271205440399	0.167072243251005
5.75	2.678837	-0.000682135376187526	0.141097699331254
5.8	2.7022876	-0.00367908975014403	0.114374823429337
5.85	2.7257382	-0.00604060223348453	0.0869036155452528
5.9	2.7491888	-0.00774912399222803	0.0586840756790019
5.95	2.7726394	-0.00878710619239352	0.0297162038305844
6	2.796090	-0.009137	0.000000