0	0.000000	0.000000	0.000000
0.05	0.0271892	0.000486144662123	-0.0356547578460933
0.1	0.0543784	0.001933118719624	-0.0706772832873346
0.15	0.0815676	0.004323732279201	-0.105067576323724
0.2	0.1087568	0.007640795447552	-0.138825636955262
0.25	0.135946	0.011867118331375	-0.171951465181947
0.3	0.1631352	0.016985511037368	-0.204445061003781
0.35	0.1903244	0.022978783672229	-0.236306424420763
0.4	0.2175136	0.029829746342656	-0.267535555432892
0.45	0.2447028	0.037521209155347	-0.29813245404017
0.5	0.271892	0.046035982217	-0.328097120242596
0.55	0.2990812	0.055356875634313	-0.35742955404017
0.6	0.3262704	0.065466699513984	-0.386129755432892
0.65	0.3534596	0.076348263962711	-0.414197724420763
0.7	0.3806488	0.087984379087192	-0.441633461003781
0.75	0.407838	0.100357854994125	-0.468436965181947
0.8	0.4350272	0.113451501790208	-0.494608236955262
0.85	0.4622164	0.127248129582139	-0.520147276323724
0.9	0.4894056	0.141730548476616	-0.545054083287335
0.95	0.5165948	0.156881568580337	-0.569328657846093
1	0.543784	0.172684	-0.592971
1.05	0.5711254	0.189102161643151	-0.607740996673287
1.1	0.5984668	0.205902626771968	-0.620936172644122
1.15	0.6258082	0.223042337583697	-0.632556527912506
1.2	0.6531496	0.240478236275584	-0.64260206247844
1.25	0.680491	0.258167265044875	-0.651072776341921
1.3	0.7078324	0.276066366088816	-0.657968669502952
1.35	0.7351738	0.294132481604653	-0.663289741961531
1.4	0.7625152	0.312322553789632	-0.667035993717659
1.45	0.7898566	0.330593524840999	-0.669207424771336
1.5	0.817198	0.348902336956	-0.669804035122562
1.55	0.8445394	0.367205932331881	-0.668825824771336
1.6	0.8718808	0.385461253165888	-0.666272793717659
1.65	0.8992222	0.403625241655267	-0.662144941961531
1.7	0.9265636	0.421654839997264	-0.656442269502952
1.75	0.953905	0.439506990389125	-0.649164776341921
1.8	0.9812464	0.457138635028096	-0.64031246247844
1.85	1.0085878	0.474506716111423	-0.629885327912507
1.9	1.0359292	0.491568175836352	-0.617883372644122
1.95	1.0632706	0.508279956400129	-0.604306596673287
2	1.090612	0.524599	-0.589155
2.05	1.1177927	0.540334578661853	-0.568543745475218
2.1	1.1449734	0.555497643900142	-0.547028533531991
2.15	1.1721541	0.570063625519464	-0.524609364170321
2.2	1.1993348	0.584007953324416	-0.501286237390207
2.25	1.2265155	0.597306057119594	-0.477059153191649
2.3	1.2536962	0.609933366709594	-0.451928111574647
2.35	1.2808769	0.621865311899013	-0.425893112539201
2.4	1.3080576	0.633077322492448	-0.39895415608531
2.45	1.3352383	0.643544828294495	-0.371111242212976
2.5	1.362419	0.65324325910975	-0.342364370922198
2.55	1.3895997	0.66214804474281	-0.312713542212976
2.6	1.4167804	0.670234614998272	-0.28215875608531
2.65	1.4439611	0.677478399680732	-0.2507000125392
2.7	1.4711418	0.683854828594786	-0.218337311574647
2.75	1.4983225	0.689339331545031	-0.185070653191649
2.8	1.5255032	0.693907338336064	-0.150900037390207
2.85	1.5526839	0.697534278772481	-0.115825464170321
2.9	1.5798646	0.700195582658878	-0.0798469335319914
2.95	1.6070453	0.701866679799852	-0.0429644454752177
3	1.634226	0.702523	-0.005178
3.05	1.66088645	0.702151145161437	0.0329414416429487
3.1	1.6875469	0.700773580343054	0.0702678367971659
3.15	1.71420735	0.698411448521112	0.106801185462652
3.2	1.7408678	0.695085892671872	0.142541487639406
3.25	1.76752825	0.690818055771594	0.177488743327429
3.3	1.7941887	0.685629080796538	0.21164295252672
3.35	1.82084915	0.679540110722965	0.24500411523728
3.4	1.8475096	0.672572288527136	0.277572231459109
3.45	1.87417005	0.664746757185311	0.309347301192206
3.5	1.9008305	0.65608465967375	0.340329324436572
3.55	1.92749095	0.646607138968714	0.370518301192206
3.6	1.9541514	0.636335338046464	0.399914231459109
3.65	1.98081185	0.62529039988326	0.42851711523728
3.7	2.0074723	0.613493467455362	0.45632695252672
3.75	2.03413275	0.600965683739031	0.483343743327429
3.8	2.0607932	0.587728191710528	0.509567487639406
3.85	2.08745365	0.573802134346113	0.534998185462652
3.9	2.1141141	0.559208654622046	0.559635836797166
3.95	2.14077455	0.543968895514588	0.583480441642949
4	2.167435	0.528104	0.606532
4.05	2.19432205	0.511528243073404	0.626124852676056
4.1	2.2212091	0.49445271440461	0.643707647175685
4.15	2.24809615	0.476931458528311	0.659280383498887
4.2	2.2749832	0.4590185199792	0.672843061645662
4.25	2.30187025	0.440767943291969	0.68439568161601
4.3	2.3287573	0.42223377300131	0.693938243409932
4.35	2.35564435	0.403470053641916	0.701470747027426
4.4	2.3825314	0.38453082974848	0.706993192468493
4.45	2.40941845	0.365470145855694	0.710505579733134
4.5	2.4363055	0.34634204649825	0.712007908821347
4.55	2.46319255	0.327200576210841	0.711500179733134
4.6	2.4900796	0.30809977952816	0.708982392468493
4.65	2.51696665	0.289093700984899	0.704454547027426
4.7	2.5438537	0.27023638511575	0.697916643409932
4.75	2.57074075	0.251581876455406	0.68936868161601
4.8	2.5976278	0.23318421953856	0.678810661645662
4.85	2.62451485	0.215097458899904	0.666242583498887
4.9	2.6514019	0.19737563907413	0.651664447175685
4.95	2.67828895	0.180072804595931	0.635076252676056
5	2.705176	0.163243	0.616478
5.05	2.7320379	0.147057266974649	0.588577793770042
5.1	2.7588998	0.131625119971116	0.560369830301133
5.15	2.7857617	0.116954825933576	0.531854109593271
5.2	2.8126236	0.103054651806208	0.503030631646458
5.25	2.8394855	0.0899328645331875	0.473899396460693
5.3	2.8663474	0.077597731058692	0.444460404035976
5.35	2.8932093	0.0660575183268985	0.414713654372308
5.4	2.9200712	0.0553204932819839	0.384659147469687
5.45	2.9469331	0.0453949228681255	0.354296883328115
5.5	2.973795	0.0362890740295	0.323626861947591
5.55	3.0006569	0.0280112137102844	0.292649083328115
5.6	3.0275188	0.020569608854656	0.261363547469687
5.65	3.0543807	0.0139725264067914	0.229770254372308
5.7	3.0812426	0.00822823331086794	0.197869204035977
5.75	3.1081045	0.00334499651106246	0.165660396460693
5.8	3.1349664	-0.000668917048448042	0.133143831646458
5.85	3.1618283	-0.00380524042348654	0.100319509593272
5.9	3.1886902	-0.00605570666987607	0.0671874303011329
5.95	3.2155521	-0.00741204884343957	0.0337475937700425
6	3.242414	-0.007866	0.000000