0	0.000000	0.000000	0.000000
0.05	0.02352135	0.000291936937159625	-0.0246675482283702
0.1	0.0470427	0.001153108393447	-0.0484015176958593
0.15	0.07056405	0.00256155533607488	-0.0712019084024673
0.2	0.0940854	0.004495318732256	-0.0930687203481943
0.25	0.11760675	0.00693243954920313	-0.11400195353304
0.3	0.1411281	0.009850958754129	-0.134001607957005
0.35	0.16464945	0.0132289173142464	-0.153067683620089
0.4	0.1881708	0.017044356196768	-0.171200180522291
0.45	0.21169215	0.0212753163689066	-0.188399098663613
0.5	0.2352135	0.025899838797875	-0.204664438044054
0.55	0.25873485	0.0308959644508859	-0.219996198663613
0.6	0.2822562	0.036241734295152	-0.234394380522292
0.65	0.30577755	0.0419151892978861	-0.247858983620089
0.7	0.3292989	0.047894370426301	-0.260390007957005
0.75	0.35282025	0.0541573186476094	-0.27198745353304
0.8	0.3763416	0.060682074929024	-0.282651320348194
0.85	0.39986295	0.0674466802377576	-0.292381608402467
0.9	0.4233843	0.074429175541023	-0.301178317695859
0.95	0.44690565	0.0816076018060329	-0.30904144822837
1	0.470427	0.088960	-0.315971
1.05	0.4941604	0.0964877743171095	-0.318305472814199
1.1	0.5178938	0.104064919428316	-0.32013144849006
1.15	0.5416272	0.111679366967637	-0.321448927027586
1.2	0.5653606	0.119319048569088	-0.322257908426774
1.25	0.589094	0.126971895866688	-0.322558392687626
1.3	0.6128274	0.134625840494452	-0.322350379810141
1.35	0.6365608	0.142268814086399	-0.321633869794319
1.4	0.6602942	0.149888748276544	-0.320408862640161
1.45	0.6840276	0.157473574698905	-0.318675358347666
1.5	0.707761	0.1650112249875	-0.316433356916835
1.55	0.7314944	0.172489630776344	-0.313682858347666
1.6	0.7552278	0.179896723699456	-0.310423862640161
1.65	0.7789612	0.187220435390852	-0.306656369794319
1.7	0.8026946	0.194448697484548	-0.302380379810141
1.75	0.826428	0.201569441614563	-0.297595892687626
1.8	0.8501614	0.208570599414912	-0.292302908426774
1.85	0.8738948	0.215440102519614	-0.286501427027586
1.9	0.8976282	0.222165882562684	-0.28019144849006
1.95	0.9213616	0.228735871178141	-0.273372972814199
2	0.945095	0.235138	-0.266046
2.05	0.96880755	0.241304211254814	-0.25401324589022
2.1	0.9925201	0.247183620310681	-0.241856092213048
2.15	1.01623265	0.25277327733664	-0.229574538968484
2.2	1.0399452	0.258070232501728	-0.217168586156529
2.25	1.06365775	0.263071535974984	-0.204638233777182
2.3	1.0873703	0.267774237925447	-0.191983481830444
2.35	1.11108285	0.272175388522154	-0.179204330316315
2.4	1.1347954	0.276272037934144	-0.166300779234793
2.45	1.15850795	0.280061236330455	-0.153272828585881
2.5	1.1822205	0.283540033880125	-0.140120478369576
2.55	1.20593305	0.286705480752193	-0.126843728585881
2.6	1.2296456	0.289554627115696	-0.113442579234793
2.65	1.25335815	0.292084523139673	-0.0999170303163146
2.7	1.2770707	0.294292218993163	-0.0862670818304443
2.75	1.30078325	0.296174764845203	-0.0724927337771823
2.8	1.3244958	0.297729210864832	-0.0585939861565289
2.85	1.34820835	0.298952607221088	-0.044570838968484
2.9	1.3719209	0.299842004083009	-0.0304232922130475
2.95	1.39563345	0.300394451619634	-0.0161513458902195
3	1.419346	0.300607	-0.001755
3.05	1.4429883	0.300462536335592	0.0139368407960837
3.1	1.4666306	0.299949843246018	0.0293950509820533
3.15	1.4902729	0.299074444296251	0.0446196305579089
3.2	1.5139152	0.297841863051264	0.0596105795236504
3.25	1.5375575	0.296257623076031	0.0743678978792778
3.3	1.5611998	0.294327247935526	0.0888915856247911
3.35	1.5848421	0.292056261194722	0.10318164276019
3.4	1.6084844	0.289450186418592	0.117238069285476
3.45	1.6321267	0.28651454717211	0.131060865200647
3.5	1.655769	0.28325486702025	0.144650030505704
3.55	1.6794113	0.279676669527985	0.158005565200647
3.6	1.7030536	0.275785478260288	0.171127469285476
3.65	1.7266959	0.271586816782133	0.18401574276019
3.7	1.7503382	0.267086208658494	0.196670385624791
3.75	1.7739805	0.262289177454344	0.209091397879278
3.8	1.7976228	0.257201246734656	0.22127877952365
3.85	1.8212651	0.251827940064404	0.233232530557909
3.9	1.8449074	0.246174781008562	0.244952650982053
3.95	1.8685497	0.240247293132103	0.256439140796084
4	1.892192	0.234051	0.267692
4.05	1.9158754	0.227600532309848	0.276912634053704
4.1	1.9395588	0.22094022662562	0.28541225925965
4.15	1.9632422	0.214087158888263	0.293190875617838
4.2	1.9869256	0.20705840503872	0.300248483128267
4.25	2.010609	0.199871041017938	0.306585081790938
4.3	2.0342924	0.19254214276686	0.312200671605851
4.35	2.0579758	0.185088786226433	0.317095252573005
4.4	2.0816592	0.1775280473376	0.321268824692401
4.45	2.1053426	0.169877002041308	0.324721387964038
4.5	2.129026	0.1621527262785	0.327452942387917
4.55	2.1527094	0.154372295990123	0.329463487964038
4.6	2.1763928	0.14655278711712	0.330753024692401
4.65	2.2000762	0.138711275600438	0.331321552573005
4.7	2.2237596	0.13086483738102	0.33116907160585
4.75	2.247443	0.123030548399813	0.330295581790938
4.8	2.2711264	0.11522548459776	0.328701083128267
4.85	2.2948098	0.107466721915808	0.326385575617838
4.9	2.3184932	0.0997713362949	0.32334905925965
4.95	2.3421766	0.0921564036759825	0.319591534053704
5	2.365860	0.084639	0.315113
5.05	2.38936845	0.0772986603201229	0.309199541033814
5.1	2.4128769	0.070109514508143	0.302250061958806
5.15	2.43638535	0.0630959177909876	0.294264562774976
5.2	2.4598938	0.056282225395584	0.285243043482322
5.25	2.48340225	0.0496927925488594	0.275185504080847
5.3	2.5069107	0.043351974477741	0.264091944570548
5.35	2.53041915	0.0372841264091561	0.251962364951427
5.4	2.5539276	0.031513603570032	0.238796765223484
5.45	2.57743605	0.0260647611872959	0.224595145386717
5.5	2.6009445	0.020961954487875	0.209357505441129
5.55	2.62445295	0.0162295386986966	0.193083845386717
5.6	2.6479614	0.011891869046688	0.175774165223484
5.65	2.67146985	0.00797330075877639	0.157428464951427
5.7	2.6949783	0.00449818906188902	0.138046744570548
5.75	2.71848675	0.00149088918295315	0.117629004080846
5.8	2.7419952	-0.00102424365110398	0.0961752434823223
5.85	2.76550365	-0.0030228542133551	0.0736854627749756
5.9	2.7890121	-0.00448058727687298	0.0501596619588062
5.95	2.81252055	-0.00537308761473033	0.0255978410338143
6	2.836029	-0.005676	0.000000