0	0.000000	0.000000	0.000000
0.05	0.02786085	0.000359469351046375	-0.0257205965940244
0.1	0.0557217	0.001428513330281	-0.0509370409149936
0.15	0.08358255	0.00319308582684713	-0.0756493329629076
0.2	0.1114434	0.005639140729888	-0.0998574727377664
0.25	0.13930425	0.00875263192854688	-0.12356146023957
0.3	0.1671651	0.012519513311967	-0.146761295468318
0.35	0.19502595	0.0169257387692916	-0.169456978424012
0.4	0.2228868	0.021957262189664	-0.19164850910665
0.45	0.25074765	0.0276000374622274	-0.213335887516232
0.5	0.2786085	0.033840018476125	-0.23451911365276
0.55	0.30646935	0.0406631591205001	-0.255198187516232
0.6	0.3343302	0.048055413284496	-0.27537310910665
0.65	0.36219105	0.0560027348572559	-0.295043878424012
0.7	0.3900519	0.064491077727923	-0.314210495468318
0.75	0.41791275	0.0735063957856406	-0.33287296023957
0.8	0.4457736	0.083034642919552	-0.351031272737766
0.85	0.47363445	0.0930617730188004	-0.368685432962908
0.9	0.5014953	0.103573739972529	-0.385835440914994
0.95	0.52935615	0.114556497669881	-0.402481296594024
1	0.557217	0.125996	-0.418623
1.05	0.58488415	0.137697855466885	-0.427082418733728
1.1	0.6125513	0.149617402167237	-0.434359440758643
1.15	0.64021845	0.161721926553955	-0.440454066074745
1.2	0.6678856	0.173978715079936	-0.445366294682033
1.25	0.69555275	0.186355054198078	-0.449096126580507
1.3	0.7232199	0.198818230361279	-0.451643561770168
1.35	0.75088705	0.211335530022436	-0.453008600251015
1.4	0.7785542	0.223874239634448	-0.453191242023049
1.45	0.80622135	0.236401645650212	-0.452191487086269
1.5	0.8338885	0.248885034522625	-0.450009335440676
1.55	0.86155565	0.261291692704586	-0.446644787086269
1.6	0.8892228	0.273588906648992	-0.442097842023049
1.65	0.91688995	0.285743962808741	-0.436368500251015
1.7	0.9445571	0.297724147636731	-0.429456761770168
1.75	0.97222425	0.309496747585859	-0.421362626580507
1.8	0.9998914	0.321029049109024	-0.412086094682033
1.85	1.02755855	0.332288338659123	-0.401627166074745
1.9	1.0552257	0.343241902689053	-0.389985840758643
1.95	1.08289285	0.353857027651713	-0.377162118733728
2	1.110560	0.364101	-0.363156
2.05	1.13795195	0.373830996569066	-0.347212973174007
2.1	1.1653439	0.38311947731427	-0.330919096540224
2.15	1.19273585	0.391956831775219	-0.314274370098651
2.2	1.2201278	0.40033344949152	-0.297278793849288
2.25	1.24751975	0.408239720002781	-0.279932367792134
2.3	1.2749117	0.41566603284861	-0.26223509192719
2.35	1.30230365	0.422602777568614	-0.244186966254456
2.4	1.3296956	0.4290403437024	-0.225787990773932
2.45	1.35708755	0.434969120789576	-0.207038165485617
2.5	1.3844795	0.44037949836975	-0.187937490389512
2.55	1.41187145	0.445261865982529	-0.168485965485617
2.6	1.4392634	0.44960661316752	-0.148683590773932
2.65	1.46665535	0.453404129464331	-0.128530366254456
2.7	1.4940473	0.45664480441257	-0.10802629192719
2.75	1.52143925	0.459319027551844	-0.0871713677921342
2.8	1.5488312	0.46141718842176	-0.0659655938492879
2.85	1.57622315	0.462929676561926	-0.0444089700986513
2.9	1.6036151	0.46384688151195	-0.0225014965402244
2.95	1.63100705	0.464159192811439	-0.000243173174007367
3	1.658399	0.463857	0.022366
3.05	1.6907142	0.462730860999444	0.0472923010888994
3.1	1.7230294	0.460802991803232	0.071985386273704
3.15	1.7553446	0.458080928829948	0.096445255554414
3.2	1.7876598	0.454572208498176	0.120671908931029
3.25	1.819975	0.4502843672265	0.14466534640355
3.3	1.8522902	0.445224941433504	0.168425567971976
3.35	1.8846054	0.439401467537772	0.191952573636307
3.4	1.9169206	0.432821481957888	0.215246363396544
3.45	1.9492358	0.425492521112436	0.238306937252686
3.5	1.981551	0.41742212142	0.261134295204733
3.55	2.0138662	0.408617819299164	0.283728437252686
3.6	2.0461814	0.399087151168512	0.306089363396544
3.65	2.0784966	0.388837653446628	0.328217073636307
3.7	2.1108118	0.377876862552096	0.350111567971976
3.75	2.143127	0.3662123149035	0.37177284640355
3.8	2.1754422	0.353851546919424	0.393200908931029
3.85	2.2077574	0.340802095018452	0.414395755554414
3.9	2.2400726	0.327071495619168	0.435357386273704
3.95	2.2723878	0.312667285140156	0.456085801088899
4	2.304703	0.297597	0.476581
4.05	2.33683485	0.282130279031341	0.48597182381316
4.1	2.3689667	0.266376330476971	0.494459060909145
4.15	2.40109855	0.250364188249747	0.502042711287955
4.2	2.4332304	0.234122886262528	0.50872277494959
4.25	2.46536225	0.217681458428172	0.514499251894051
4.3	2.4974941	0.201068938659537	0.519372142121337
4.35	2.52962595	0.184314360869482	0.523341445631449
4.4	2.5617578	0.167446758970864	0.526407162424386
4.45	2.59388965	0.150495166876542	0.528569292500148
4.5	2.6260215	0.133488618499375	0.529827835858735
4.55	2.65815335	0.11645614775222	0.530182792500148
4.6	2.6902852	0.099426788547936	0.529634162424386
4.65	2.72241705	0.0824295747993808	0.528181945631449
4.7	2.7545489	0.065493540419413	0.525826142121338
4.75	2.78668075	0.0486477193208906	0.522566751894051
4.8	2.8188126	0.031921145416672	0.518403774949591
4.85	2.85094445	0.0153428526196153	0.513337211287955
4.9	2.8830763	-0.0010581251574211	0.507367060909145
4.95	2.91520815	-0.0172527540015789	0.50049332381316
5	2.947340	-0.033212	0.492716
5.05	2.9794521	-0.048720941280899	0.473120644923783
5.1	3.0115642	-0.063592115651032	0.452994716697693
5.15	3.0436763	-0.077808485292353	0.432338215321732
5.2	3.0757884	-0.091353012386816	0.411151140795899
5.25	3.1079005	-0.104208659116375	0.389433493120195
5.3	3.1400126	-0.116358387662984	0.367185272294618
5.35	3.1721247	-0.127785160208597	0.344406478319169
5.4	3.2042368	-0.138471938935168	0.321097111193849
5.45	3.2363489	-0.148401686024651	0.297257170918657
5.5	3.268461	-0.157557363659	0.272886657493593
5.55	3.3005731	-0.165921934020169	0.247985570918657
5.6	3.3326852	-0.173478359290112	0.222553911193849
5.65	3.3647973	-0.180209601650783	0.196591678319169
5.7	3.3969094	-0.186098623284136	0.170098872294618
5.75	3.4290215	-0.191128386372125	0.143075493120194
5.8	3.4611336	-0.195281853096704	0.115521540795899
5.85	3.4932457	-0.198541985639827	0.0874370153217323
5.9	3.5253578	-0.200891746183448	0.0588219166976932
5.95	3.5574699	-0.202314096909521	0.0296762449237825
6	3.589582	-0.202792	0.000000