0	0.000000	0.000000	0.000000
0.05	0.02464345	0.00035328484382475	-0.0285778653503974
0.1	0.0492869	0.001403889408178	-0.056592702769174
0.15	0.07393035	0.00313793874237825	-0.0840445122563298
0.2	0.0985738	0.005541557895744	-0.110933293811865
0.25	0.12321725	0.00860087191759375	-0.137259047435779
0.3	0.1478607	0.012302005857246	-0.163021773128073
0.35	0.17250415	0.0166310847640193	-0.188221470888745
0.4	0.1971476	0.021574233687232	-0.212858140717797
0.45	0.22179105	0.0271175776762028	-0.236931782615228
0.5	0.2464345	0.03324724178025	-0.260442396581039
0.55	0.27107795	0.0399493510486923	-0.283389982615228
0.6	0.2957214	0.047210030530848	-0.305774540717797
0.65	0.32036485	0.0550154052760358	-0.327596070888745
0.7	0.3450083	0.063351600333574	-0.348854573128073
0.75	0.36965175	0.0722047407527813	-0.369550047435779
0.8	0.3942952	0.081560951582976	-0.389682493811865
0.85	0.41893865	0.0914063578734767	-0.40925191225633
0.9	0.4435821	0.101727084673602	-0.428258302769174
0.95	0.46822555	0.11250925703267	-0.446701665350397
1	0.492869	0.123739	-0.464582
1.05	0.51740035	0.135250521134814	-0.473741071565971
1.1	0.5419317	0.146972594895983	-0.481748004019734
1.15	0.56646305	0.158876957755696	-0.48860279736129
1.2	0.5909944	0.170935346186144	-0.494305451590638
1.25	0.61552575	0.183119496659516	-0.498855966707779
1.3	0.6400571	0.195401145648001	-0.502254342712713
1.35	0.66458845	0.20775202962379	-0.504500579605439
1.4	0.6891198	0.220143885059072	-0.505594677385957
1.45	0.71365115	0.232548448426037	-0.505536636054268
1.5	0.7381825	0.244937456196875	-0.504326455610372
1.55	0.76271385	0.257282644843775	-0.501964136054268
1.6	0.7872452	0.269555750838928	-0.498449677385957
1.65	0.81177655	0.281728510654523	-0.493783079605439
1.7	0.8363079	0.293772660762749	-0.487964342712712
1.75	0.86083925	0.305659937635797	-0.480993466707779
1.8	0.8853706	0.317362077745856	-0.472870451590638
1.85	0.90990195	0.328850817565116	-0.46359529736129
1.9	0.9344333	0.340097893565767	-0.453168004019734
1.95	0.95896465	0.351075042219998	-0.441588571565971
2	0.983496	0.361754	-0.428857
2.05	1.0078326	0.371965576816595	-0.410284003385641
2.1	1.0321692	0.3817212059732	-0.39138688009911
2.15	1.0565058	0.391012999328645	-0.372165630140406
2.2	1.0808424	0.39983306874176	-0.352620253509529
2.25	1.105179	0.408173526071375	-0.332750750206479
2.3	1.1295156	0.41602648317632	-0.312557120231256
2.35	1.1538522	0.423384051915425	-0.292039363583861
2.4	1.1781888	0.43023834414752	-0.271197480264293
2.45	1.2025254	0.436581471731435	-0.250031470272552
2.5	1.226862	0.442405546526	-0.228541333608639
2.55	1.2511986	0.447702680390045	-0.206727070272552
2.6	1.2755352	0.4524649851824	-0.184588680264293
2.65	1.2998718	0.456684572761895	-0.162126163583861
2.7	1.3242084	0.46035355498736	-0.139339520231257
2.75	1.348545	0.463464043717625	-0.116228750206479
2.8	1.3728816	0.46600815081152	-0.0927938535095287
2.85	1.3972182	0.467977988127875	-0.0690348301404057
2.9	1.4215548	0.46936566752552	-0.0449516800991099
2.95	1.4458914	0.470163300863285	-0.0205444033856414
3	1.470228	0.470363	0.004187
3.05	1.4956314	0.469864739751292	0.0349017741429297
3.1	1.5210348	0.46859681800618	0.0647821562708141
3.15	1.5464382	0.466580431158777	0.0938281463836533
3.2	1.5718416	0.4638367756032	0.122039744481447
3.25	1.597245	0.460387047733562	0.149416950564196
3.3	1.6226484	0.45625244394398	0.1759597646319
3.35	1.6480518	0.451454160628567	0.201668186684558
3.4	1.6734552	0.44601339418144	0.226542216722171
3.45	1.6988586	0.439951340996713	0.250581854744739
3.5	1.724262	0.4332891974685	0.273787100752261
3.55	1.7496654	0.426048159990917	0.296157954744739
3.6	1.7750688	0.41824942495808	0.317694416722171
3.65	1.8004722	0.409914188764102	0.338396486684558
3.7	1.8258756	0.4010636478031	0.3582641646319
3.75	1.851279	0.391718998469188	0.377297450564196
3.8	1.8766824	0.38190143715648	0.395496344481447
3.85	1.9020858	0.371632160259093	0.412860846383653
3.9	1.9274892	0.36093236417114	0.429390956270814
3.95	1.9528926	0.349823245286737	0.44508667414293
4	1.978296	0.338326	0.459948
4.05	2.00398025	0.326310529344008	0.47540894406156
4.1	2.0296645	0.313918955099915	0.489234709800851
4.15	2.05534875	0.301193275596544	0.501425297217872
4.2	2.081033	0.28817548916272	0.511980706312624
4.25	2.10671725	0.274907594127266	0.520900937085106
4.3	2.1324015	0.261431588819005	0.528185989535318
4.35	2.15808575	0.247789471566762	0.533835863663262
4.4	2.18377	0.23402324069936	0.537850559468935
4.45	2.20945425	0.220174894545623	0.540230076952339
4.5	2.2351385	0.206286431434375	0.540974416113474
4.55	2.26082275	0.192399849694439	0.54008357695234
4.6	2.286507	0.17855714765464	0.537557559468935
4.65	2.31219125	0.164800323643801	0.533396363663262
4.7	2.3378755	0.151171375990745	0.527599989535319
4.75	2.36355975	0.137712303024297	0.520168437085106
4.8	2.389244	0.12446510307328	0.511101706312624
4.85	2.41492825	0.111471774466518	0.500399797217872
4.9	2.4406125	0.098774315532835	0.488062709800851
4.95	2.46629675	0.0864147246010544	0.47409044406156
5	2.491981	0.074435	0.458483
5.05	2.5172207	0.0630820497789722	0.441031539613912
5.1	2.5424604	0.052176839132338	0.423004006636886
5.15	2.5677001	0.0417339079594708	0.404400401068921
5.2	2.5929398	0.031767796159744	0.385220722910019
5.25	2.6181795	0.0222930436325313	0.365464972160178
5.3	2.6434192	0.013324190277206	0.3451331488194
5.35	2.6686589	0.00487577599314176	0.324225252887683
5.4	2.6938986	-0.00303765932028799	0.302741284365028
5.45	2.7191383	-0.0104015757637098	0.280681243251435
5.5	2.744378	-0.01720143343775	0.258045129546904
5.55	2.7696177	-0.0234226924430352	0.234832943251435
5.6	2.7948574	-0.029050812880192	0.211044684365028
5.65	2.8200971	-0.0340712548498467	0.186680352887683
5.7	2.8453368	-0.038469478452626	0.1617399488194
5.75	2.8705765	-0.0422309437891563	0.136223472160178
5.8	2.8958162	-0.045341110960064	0.110130922910019
5.85	2.9210559	-0.0477854400659758	0.0834623010689212
5.9	2.9462956	-0.049549391207518	0.0562176066368855
5.95	2.9715353	-0.0506184244853172	0.0283968396139119
6	2.996775	-0.050978	0.000000