0	0.000000	0.000000	0.000000
0.05	0.022964	0.00037734460875	-0.0327119404829298
0.1	0.045928	0.00149540957	-0.0645114398623933
0.15	0.068892	0.00333324158625	-0.0953984981383905
0.2	0.091856	0.00586988736	-0.125373115310921
0.25	0.11482	0.00908439359375	-0.154435291379986
0.3	0.137784	0.01295580699	-0.182585026345584
0.35	0.160748	0.01746317425125	-0.209822320207716
0.4	0.183712	0.02258554208	-0.236147172966382
0.45	0.206676	0.02830195717875	-0.261559584621582
0.5	0.22964	0.03459146625	-0.286059555173315
0.55	0.252604	0.04143311599625	-0.309647084621582
0.6	0.275568	0.04880595312	-0.332322172966382
0.65	0.298532	0.05668902432375	-0.354084820207716
0.7	0.321496	0.06506137631	-0.374935026345584
0.75	0.34446	0.07390205578125	-0.394872791379986
0.8	0.367424	0.08319010944	-0.413898115310921
0.85	0.390388	0.09290458398875	-0.432010998138391
0.9	0.413352	0.10302452613	-0.449211439862393
0.95	0.436316	0.11352898256625	-0.46549944048293
1	0.459280	0.124397	-0.480875
1.05	0.4823788	0.135577039362758	-0.487008858171593
1.1	0.5054776	0.146889394301504	-0.49233148916723
1.15	0.5285764	0.158315326441946	-0.496842892986908
1.2	0.5516752	0.169836097409792	-0.50054306963063
1.25	0.574774	0.18143296883075	-0.503432019098395
1.3	0.5978728	0.193087202330528	-0.505509741390202
1.35	0.6209716	0.204780059534834	-0.506776236506052
1.4	0.6440704	0.216492802069376	-0.507231504445945
1.45	0.6671692	0.228206691559862	-0.506875545209881
1.5	0.690268	0.239902989632	-0.50570835879786
1.55	0.7133668	0.251562957911498	-0.503729945209881
1.6	0.7364656	0.263167858024064	-0.500940304445945
1.65	0.7595644	0.274698951595406	-0.497339436506052
1.7	0.7826632	0.286137500251232	-0.492927341390202
1.75	0.805762	0.29746476561725	-0.487704019098395
1.8	0.8288608	0.308662009319168	-0.48166946963063
1.85	0.8519596	0.319710492982694	-0.474823692986909
1.9	0.8750584	0.330591478233536	-0.46716668916723
1.95	0.8981572	0.341286226697402	-0.458698458171593
2	0.921256	0.351776	-0.449419
2.05	0.9443349	0.361931742261997	-0.430604197413731
2.1	0.9674138	0.371648708116978	-0.411394968783911
2.15	0.9904927	0.380917794645726	-0.39179131411054
2.2	1.0135716	0.389729898929024	-0.371793233393619
2.25	1.0366505	0.398075918047656	-0.351400726633148
2.3	1.0597294	0.405946749082406	-0.330613793829125
2.35	1.0828083	0.413333289114057	-0.309432434981553
2.4	1.1058872	0.420226435223392	-0.287856650090429
2.45	1.1289661	0.426617084491195	-0.265886439155755
2.5	1.152045	0.43249613399825	-0.24352180217753
2.55	1.1751239	0.43785448082534	-0.220762739155755
2.6	1.1982028	0.442683022053248	-0.197609250090429
2.65	1.2212817	0.446972654762758	-0.174061334981552
2.7	1.2443606	0.450714276034654	-0.150118993829125
2.75	1.2674395	0.453898782949719	-0.125782226633148
2.8	1.2905184	0.456517072588736	-0.101051033393619
2.85	1.3135973	0.458560042032489	-0.0759254141105405
2.9	1.3366762	0.460018588361762	-0.0504053687839109
2.95	1.3597551	0.460883608657338	-0.0244908974137308
3	1.382834	0.461146	0.001818
3.05	1.4059814	0.460798237354171	0.0281632307446408
3.1	1.4291288	0.459845264367564	0.0541098635161616
3.15	1.4522762	0.458296307546903	0.0796578983145623
3.2	1.4754236	0.456160593398912	0.104807335139843
3.25	1.498571	0.453447348430312	0.129558173992003
3.3	1.5217184	0.450165799147828	0.153910414871044
3.35	1.5448658	0.446325172058182	0.177864057776964
3.4	1.5680132	0.441934693668096	0.201419102709764
3.45	1.5911606	0.437003590484294	0.224575549669444
3.5	1.614308	0.4315410890135	0.247333398656004
3.55	1.6374554	0.425556415762436	0.269692649669444
3.6	1.6606028	0.419058797237824	0.291653302709764
3.65	1.6837502	0.412057459946389	0.313215357776964
3.7	1.7068976	0.404561630394852	0.334378814871044
3.75	1.730045	0.396580535089938	0.355143673992003
3.8	1.7531924	0.388123400538368	0.375509935139843
3.85	1.7763398	0.379199453246867	0.395477598314562
3.9	1.7994872	0.369817919722156	0.415046663516162
3.95	1.8226346	0.35998802647096	0.434217130744641
4	1.845782	0.349719	0.452989
4.05	1.86892595	0.339130761396473	0.461868390509825
4.1	1.8920699	0.328346209134847	0.469953576755459
4.15	1.91521385	0.317383724238901	0.4772445587369
4.2	1.9383578	0.306261687732416	0.483741336454149
4.25	1.96150175	0.294998480639172	0.489443909907206
4.3	1.9846457	0.283612483982949	0.494352279096071
4.35	2.00778965	0.272122078787528	0.498466444020743
4.4	2.0309336	0.260545646076688	0.501786404681224
4.45	2.05407755	0.24890156687421	0.504312161077512
4.5	2.0772215	0.237208222203875	0.506043713209608
4.55	2.10036545	0.225483993089462	0.506981061077512
4.6	2.1235094	0.213747260554752	0.507124204681224
4.65	2.14665335	0.202016405623525	0.506473144020743
4.7	2.1697973	0.190309809319561	0.505027879096071
4.75	2.19294125	0.178645852666641	0.502788409907206
4.8	2.2160852	0.167042916688544	0.499754736454149
4.85	2.23922915	0.155519382409051	0.4959268587369
4.9	2.2623731	0.144093630851943	0.491304776755459
4.95	2.28551705	0.132784043040999	0.485888490509825
5	2.308661	0.121609	0.479678
5.05	2.3316543	0.110754171907946	0.464343394688909
5.1	2.3546476	0.100262404145012	0.448098337305302
5.15	2.3776409	0.0901546310088355	0.430942827849178
5.2	2.4006342	0.080451786797056	0.412876866320537
5.25	2.4236275	0.0711748058073125	0.393900452719379
5.3	2.4466208	0.062344622337244	0.374013587045704
5.35	2.4696141	0.0539821706844895	0.353216269299513
5.4	2.4926074	0.046108385146688	0.331508499480805
5.45	2.5156007	0.0387442000214785	0.30889027758958
5.5	2.538594	0.0319105496065	0.285361603625839
5.55	2.5615873	0.0256283681993915	0.26092247758958
5.6	2.5845806	0.019918590097792	0.235572899480805
5.65	2.6075739	0.0148021495993405	0.209312869299513
5.7	2.6305672	0.010299981001676	0.182142387045704
5.75	2.6535605	0.00643301860243747	0.154061452719379
5.8	2.6765538	0.00322219669926399	0.125070066320537
5.85	2.6995471	0.000688449589794457	0.0951682278491778
5.9	2.7225404	-0.00114728842833203	0.064355937305302
5.95	2.7455337	-0.00226408305747652	0.0326331946889094
6	2.768527	-0.002641	0.000000