0	0.000000	0.000000	0.000000
0.05	0.0265285	0.0003592996458175	-0.0270548097631792
0.1	0.053057	0.00143369549994	-0.0539115448144449
0.15	0.0795855	0.0032179329373725	-0.0805702051537969
0.2	0.106114	0.00570675733312	-0.107030790781235
0.25	0.1326425	0.0088949140621875	-0.13329330169676
0.3	0.159171	0.01277714849958	-0.159357737900371
0.35	0.1856995	0.0173482060203025	-0.185224099392069
0.4	0.212228	0.02260283199936	-0.210892386171853
0.45	0.2387565	0.0285357718117575	-0.236362598239723
0.5	0.265285	0.0351417708325	-0.26163473559568
0.55	0.2918135	0.0424155744365925	-0.286708798239723
0.6	0.318342	0.05035192799904	-0.311584786171853
0.65	0.3448705	0.0589455768948475	-0.336262699392069
0.7	0.371399	0.06819126649902	-0.360742537900371
0.75	0.3979275	0.0780837421865625	-0.38502430169676
0.8	0.424456	0.08861774933248	-0.409107990781235
0.85	0.4509845	0.0997880333117775	-0.432993605153797
0.9	0.477513	0.11158933949946	-0.456681144814445
0.95	0.5040415	0.124016413270533	-0.480170609763179
1	0.530570	0.137064	-0.503462
1.05	0.5569935	0.15057648824965	-0.519036711745227
1.1	0.583417	0.1644795695266	-0.533026064359377
1.15	0.6098405	0.17873135309385	-0.545430057842451
1.2	0.636264	0.1932899482144	-0.556248692194448
1.25	0.6626875	0.20811346415125	-0.565481967415369
1.3	0.689111	0.2231600101674	-0.573129883505213
1.35	0.7155345	0.23838769552585	-0.579192440463981
1.4	0.741958	0.2537546294896	-0.583669638291672
1.45	0.7683815	0.26921892132165	-0.586561476988287
1.5	0.794805	0.284738680285	-0.587867956553825
1.55	0.8212285	0.30027201564265	-0.587589076988287
1.6	0.847652	0.3157770366576	-0.585724838291672
1.65	0.8740755	0.33121185259285	-0.582275240463981
1.7	0.900499	0.3465345727114	-0.577240283505213
1.75	0.9269225	0.36170330627625	-0.570619967415369
1.8	0.953346	0.3766761625504	-0.562414292194448
1.85	0.9797695	0.39141125079685	-0.552623257842451
1.9	1.006193	0.4058666802786	-0.541246864359377
1.95	1.0326165	0.42000056025865	-0.528285111745227
2	1.059040	0.433771	-0.513738
2.05	1.08528415	0.447004763493492	-0.494653104173402
2.1	1.1115283	0.459728181347003	-0.474845855275919
2.15	1.13777245	0.471922296018189	-0.454316253307551
2.2	1.1640166	0.483568149964704	-0.4330642982683
2.25	1.19026075	0.494646785644203	-0.411089990158164
2.3	1.2165049	0.505139245514341	-0.388393328977143
2.35	1.24274905	0.515026572032772	-0.364974314725239
2.4	1.2689932	0.524289807657152	-0.34083294740245
2.45	1.29523735	0.532909994845135	-0.315969227008776
2.5	1.3214815	0.540868176054375	-0.290383153544218
2.55	1.34772565	0.548145393742528	-0.264074727008776
2.6	1.3739698	0.554722690367248	-0.23704394740245
2.65	1.40021395	0.56058110838619	-0.209290814725239
2.7	1.4264581	0.565701690257009	-0.180815328977143
2.75	1.45270225	0.570065478437359	-0.151617490158164
2.8	1.4789464	0.573653515384896	-0.1216972982683
2.85	1.50519055	0.576446843557274	-0.0910547533075513
2.9	1.5314347	0.578426505412147	-0.0596898552759185
2.95	1.55767885	0.579573543407171	-0.0276026041734015
3	1.583923	0.579869	0.005207
3.05	1.61170325	0.579239345881216	0.039999612741561
3.1	1.6394835	0.57765351598418	0.074045529405063
3.15	1.66726375	0.575132253712614	0.107344749990506
3.2	1.695044	0.57169630247024	0.13989727449789
3.25	1.72282425	0.567366405660781	0.171703102927214
3.3	1.7506045	0.56216330668796	0.20276223527848
3.35	1.77838475	0.556107748955499	0.233074671551687
3.4	1.806165	0.54922047586712	0.262640411746835
3.45	1.83394525	0.541522230826546	0.291459455863923
3.5	1.8617255	0.5330337572375	0.319531803902953
3.55	1.88950575	0.523775798503704	0.346857455863923
3.6	1.917286	0.51376909802888	0.373436411746835
3.65	1.94506625	0.503034399216751	0.399268671551687
3.7	1.9728465	0.49159244547104	0.42435423527848
3.75	2.00062675	0.479463980195469	0.448693102927215
3.8	2.028407	0.46666974679376	0.47228527449789
3.85	2.05618725	0.453230488669636	0.495130749990506
3.9	2.0839675	0.43916694922682	0.517229529405063
3.95	2.11174775	0.424499871869034	0.538581612741561
4	2.139528	0.409250	0.559187
4.05	2.16735255	0.393484357569891	0.573744199289921
4.1	2.1951771	0.377337619797327	0.58657974075985
4.15	2.22300165	0.360857691036404	0.597693624409788
4.2	2.2508262	0.344092475641216	0.607085850239734
4.25	2.27865075	0.327089877965859	0.614756418249688
4.3	2.3064753	0.309897802364429	0.620705328439651
4.35	2.33429985	0.29256415319102	0.624932580809622
4.4	2.3621244	0.275136834799728	0.627438175359601
4.45	2.38994895	0.257663751544648	0.628222112089589
4.5	2.4177735	0.240192807779875	0.627284390999584
4.55	2.44559805	0.222771907859505	0.624625012089589
4.6	2.4734226	0.205448956137632	0.620243975359601
4.65	2.50124715	0.188271856968352	0.614141280809622
4.7	2.5290717	0.171288514705761	0.606316928439651
4.75	2.55689625	0.154546833703953	0.596770918249688
4.8	2.5847208	0.138094718317024	0.585503250239734
4.85	2.61254535	0.121980072899069	0.572513924409788
4.9	2.6403699	0.106250801804183	0.55780294075985
4.95	2.66819445	0.0909548093864616	0.541370299289921
5	2.696019	0.076140	0.523216
5.05	2.7238046	0.061958490883136	0.497556411247265
5.1	2.7515902	0.048490681806848	0.47184406341587
5.15	2.7793758	0.035738038713792	0.446078956505816
5.2	2.8071614	0.023702027546624	0.420261090517102
5.25	2.834947	0.012384114248	0.394390465449729
5.3	2.8627326	0.00178576476057601	0.368467081303697
5.35	2.8905182	-0.00809155497299198	0.342490938079005
5.4	2.9183038	-0.017246379010048	0.316462035775654
5.45	2.9460894	-0.025677241407936	0.290380374393643
5.5	2.973875	-0.033382676224	0.264245953932973
5.55	3.0016606	-0.040361217515584	0.238058774393643
5.6	3.0294462	-0.046611399340032	0.211818835775654
5.65	3.0572318	-0.052131755754688	0.185526138079005
5.7	3.0850174	-0.056920820816896	0.159180681303697
5.75	3.112803	-0.060977128584	0.132782465449729
5.8	3.1405886	-0.064299213113344	0.106331490517102
5.85	3.1683742	-0.066885608462272	0.079827756505816
5.9	3.1961598	-0.068734848688128	0.0532712634158702
5.95	3.2239454	-0.069845467848256	0.0266620112472648
6	3.251731	-0.070216	0.000000