0	0.000000	0.000000	0.000000
0.05	0.02763435	0.000477304776292125	-0.0344516244662485
0.1	0.0552687	0.001898973889107	-0.0683471358307867
0.15	0.08290305	0.00424963951435237	-0.101686534093614
0.2	0.1105374	0.007513933827936	-0.134469819254732
0.25	0.13817175	0.0116764890057656	-0.166696991314139
0.3	0.1658061	0.016721937223749	-0.198368050271836
0.35	0.19344045	0.0226349106577939	-0.229482996127822
0.4	0.2210748	0.029400041483808	-0.260041828882098
0.45	0.24870915	0.0370019618776991	-0.290044548534663
0.5	0.2763435	0.045425304015375	-0.319491155085518
0.55	0.30397785	0.0546547000727434	-0.348381648534663
0.6	0.3316122	0.064674782225712	-0.376716028882098
0.65	0.35924655	0.0754701826501886	-0.404494296127822
0.7	0.3868809	0.087025533522081	-0.431716450271835
0.75	0.41451525	0.0993254670172968	-0.458382491314139
0.8	0.4421496	0.112354615311744	-0.484492419254732
0.85	0.46978395	0.12609761058133	-0.510046234093614
0.9	0.4974183	0.140539085001963	-0.535043935830786
0.95	0.52505265	0.15566367074955	-0.559485524466248
1	0.552687	0.171456	-0.583371
1.05	0.5803999	0.187865025952438	-0.600558343976082
1.1	0.6081128	0.204726553885146	-0.616027414902049
1.15	0.6358257	0.221992965468913	-0.629778212777903
1.2	0.6635386	0.239616642374528	-0.641810737603643
1.25	0.6912515	0.257549966272781	-0.652124989379269
1.3	0.7189644	0.275745318834462	-0.660720968104781
1.35	0.7466773	0.29415508173036	-0.66759867378018
1.4	0.7743902	0.312731636631264	-0.672758106405464
1.45	0.8021031	0.331427365207964	-0.676199265980635
1.5	0.829816	0.35019464913125	-0.677922152505692
1.55	0.8575289	0.368985870071911	-0.677926765980635
1.6	0.8852418	0.387753409700736	-0.676213106405464
1.65	0.9129547	0.406449649688515	-0.67278117378018
1.7	0.9406676	0.425026971706038	-0.667630968104781
1.75	0.9683805	0.443437757424094	-0.660762489379269
1.8	0.9960934	0.461634388513472	-0.652175737603643
1.85	1.0238063	0.479569246644962	-0.641870712777903
1.9	1.0515192	0.497194713489354	-0.629847414902049
1.95	1.0792321	0.514463170717437	-0.616105843976081
2	1.106945	0.531327	-0.600646
2.05	1.1343162	0.547469312131388	-0.578722403682849
2.1	1.1616874	0.562999861687584	-0.555944812241188
2.15	1.1890586	0.577895273797236	-0.532313225675016
2.2	1.2164298	0.592132173588992	-0.507827643984334
2.25	1.243801	0.6056871861915	-0.482488067169141
2.3	1.2711722	0.618536936733408	-0.456294495229438
2.35	1.2985434	0.630658050343364	-0.429246928165225
2.4	1.3259146	0.642027152150016	-0.401345365976501
2.45	1.3532858	0.652620867282012	-0.372589808663267
2.5	1.380657	0.662415820868	-0.342980256225522
2.55	1.4080282	0.671388638036628	-0.312516708663267
2.6	1.4353994	0.679515943916544	-0.281199165976501
2.65	1.4627706	0.686774363636396	-0.249027628165225
2.7	1.4901418	0.693140522324832	-0.216002095229438
2.75	1.517513	0.6985910451105	-0.182122567169141
2.8	1.5448842	0.703102557122048	-0.147389043984334
2.85	1.5722554	0.706651683488124	-0.111801525675016
2.9	1.5996266	0.709215049337376	-0.0753600122411878
2.95	1.6269978	0.710769279798452	-0.0380645036828492
3	1.654369	0.711291	0.000085
3.05	1.68129915	0.710774252403335	0.0381339971311383
3.1	1.7082293	0.709245595209797	0.0752356840379462
3.15	1.73515945	0.706730539625825	0.111390060720424
3.2	1.7620896	0.703254596857856	0.146597127178571
3.25	1.78901975	0.698843278112328	0.180856883412388
3.3	1.8159499	0.693522094595679	0.214169329421875
3.35	1.84288005	0.687316557514346	0.246534465207031
3.4	1.8698102	0.680252178074768	0.277952290767857
3.45	1.89674035	0.672354467483382	0.308422806104352
3.5	1.9236705	0.663648936946625	0.337946011216517
3.55	1.95060065	0.654161097670936	0.366521906104352
3.6	1.9775308	0.643916460862752	0.394150490767857
3.65	2.00446095	0.632940537728511	0.420831765207031
3.7	2.0313911	0.621258839474651	0.446565729421875
3.75	2.05832125	0.608896877307609	0.471352383412388
3.8	2.0852514	0.595880162433824	0.495191727178571
3.85	2.11218155	0.582234206059733	0.518083760720424
3.9	2.1391117	0.567984519391773	0.540028484037946
3.95	2.16604185	0.553156613636383	0.561025897131138
4	2.192972	0.537776	0.581076
4.05	2.2200119	0.521836088195222	0.597633847810819
4.1	2.2470518	0.505471335428634	0.61249926427313
4.15	2.2740917	0.488727504874657	0.625672249386934
4.2	2.3011316	0.471650359707712	0.637152803152231
4.25	2.3281715	0.454285663102219	0.646940925569021
4.3	2.3552114	0.436679178232598	0.655036616637303
4.35	2.3822513	0.41887666827327	0.661439876357079
4.4	2.4092912	0.400923896398656	0.666150704728347
4.45	2.4363311	0.382866625783176	0.669169101751108
4.5	2.463371	0.36475061960125	0.670495067425361
4.55	2.4904109	0.346621641027299	0.670128601751108
4.6	2.5174508	0.328525453235744	0.668069704728347
4.65	2.5444907	0.310507819401005	0.664318376357079
4.7	2.5715306	0.292614502697502	0.658874616637303
4.75	2.5985705	0.274891266299656	0.651738425569021
4.8	2.6256104	0.257383873381888	0.642909803152231
4.85	2.6526503	0.240138087118618	0.632388749386934
4.9	2.6796902	0.223199670684266	0.62017526427313
4.95	2.7067301	0.206614387253253	0.606269347810819
5	2.733770	0.190428	0.590671
5.05	2.7608881	0.174722054591297	0.56755315676313
5.1	2.7880062	0.159652178102938	0.543759975972247
5.15	2.8151243	0.145236684406246	0.51929145762735
5.2	2.8422424	0.131493887372544	0.494147601728439
5.25	2.8693605	0.118442100873156	0.468328408275515
5.3	2.8964786	0.106099638779406	0.441833877268577
5.35	2.9235967	0.0944848149626167	0.414664008707625
5.4	2.9507148	0.083615943294112	0.386818802592659
5.45	2.9778329	0.0735113376452152	0.35829825892368
5.5	3.004951	0.06418931188725	0.329102377700687
5.55	3.0320691	0.0556681798915397	0.29923115892368
5.6	3.0591872	0.047966255529408	0.268684602592659
5.65	3.0863053	0.0411018526721782	0.237462708707625
5.7	3.1134234	0.035093285191174	0.205565477268577
5.75	3.1405415	0.0299588669577187	0.172992908275515
5.8	3.1676596	0.025716911843136	0.139745001728439
5.85	3.1947777	0.0223857337187492	0.10582175762735
5.9	3.2218958	0.019983646455882	0.0712231759722472
5.95	3.2490139	0.0185289639258577	0.0359492567631306
6	3.276132	0.018040	0.000000