0	0.000000	0.000000	0.000000
0.05	0.0237722	0.000338711108689	-0.0283622057465022
0.1	0.0475444	0.001342083675032	-0.0559192214144253
0.15	0.0713166	0.002990976559443	-0.0826710470037691
0.2	0.0950888	0.005266248622336	-0.108617682514534
0.25	0.118861	0.008148758724125	-0.133759127946719
0.3	0.1426332	0.011619365725224	-0.158095383300326
0.35	0.1664054	0.015658928486047	-0.181626448575353
0.4	0.1901776	0.020248305867008	-0.204352323771801
0.45	0.2139498	0.025368356728521	-0.22627300888967
0.5	0.237722	0.030999939931	-0.247388503928959
0.55	0.2614942	0.037123914334859	-0.26769880888967
0.6	0.2852664	0.043721138800512	-0.287203923771801
0.65	0.3090386	0.050772472188373	-0.305903848575353
0.7	0.3328108	0.058258773358856	-0.323798583300326
0.75	0.356583	0.066160901172375	-0.340888127946719
0.8	0.3803552	0.074459714489344	-0.357172482514534
0.85	0.4041274	0.083136072170177	-0.372651647003769
0.9	0.4278996	0.092170833075288	-0.387325621414425
0.95	0.4516718	0.101544856065091	-0.401194405746502
1	0.475444	0.111239	-0.414258
1.05	0.49908565	0.121114322924037	-0.421017370291065
1.1	0.5227273	0.131139374844618	-0.426924543709386
1.15	0.54636895	0.141294008421546	-0.431979520254963
1.2	0.5700106	0.151558076314624	-0.436182299927797
1.25	0.59365225	0.161911431183656	-0.439532882727887
1.3	0.6172939	0.172333925688446	-0.442031268655233
1.35	0.64093555	0.182805412488797	-0.443677457709836
1.4	0.6645772	0.193305744244512	-0.444471449891695
1.45	0.68821885	0.203814773615395	-0.444413245200811
1.5	0.7118605	0.21431235326125	-0.443502843637183
1.55	0.73550215	0.22477833584188	-0.441740245200811
1.6	0.7591438	0.235192574017088	-0.439125449891695
1.65	0.78278545	0.245534920446678	-0.435658457709836
1.7	0.8064271	0.255785227790454	-0.431339268655233
1.75	0.83006875	0.265923348708219	-0.426167882727887
1.8	0.8537104	0.275929135859776	-0.420144299927797
1.85	0.87735205	0.285782441904929	-0.413268520254963
1.9	0.9009937	0.295463119503482	-0.405540543709386
1.95	0.92463535	0.304951021315238	-0.396960370291065
2	0.948277	0.314226	-0.387528
2.05	0.97186265	0.32319367137929	-0.372817961518005
2.1	0.9954483	0.331808129845549	-0.35757649024464
2.15	1.01903395	0.340056841210962	-0.341803586179907
2.2	1.0426196	0.347927271287712	-0.325499249323805
2.25	1.06620525	0.355406885887984	-0.308663479676334
2.3	1.0897909	0.362483150823963	-0.291296277237494
2.35	1.11337655	0.369143531907832	-0.273397642007285
2.4	1.1369622	0.375375494951776	-0.254967573985707
2.45	1.16054785	0.381166505767979	-0.236006073172761
2.5	1.1841335	0.386504030168625	-0.216513139568445
2.55	1.20771915	0.391375533965899	-0.196488773172761
2.6	1.2313048	0.395768482971984	-0.175932973985707
2.65	1.25489045	0.399670342999065	-0.154845742007285
2.7	1.2784761	0.403068579859327	-0.133227077237494
2.75	1.30206175	0.405950659364953	-0.111076979676334
2.8	1.3256474	0.408304047328128	-0.0883954493238049
2.85	1.34923305	0.410116209561036	-0.065182486179907
2.9	1.3728187	0.411374611875861	-0.0414380902446402
2.95	1.39640435	0.412066720084788	-0.0171622615180046
3	1.419990	0.412180	0.007645
3.05	1.4447738	0.411652879594157	0.034805370933392
3.1	1.4695576	0.410459099912816	0.06144298703169
3.15	1.4943414	0.408611616807259	0.0875578482948942
3.2	1.5191252	0.406123386128768	0.113149954723005
3.25	1.543909	0.403007363728625	0.138219306316021
3.3	1.5686928	0.399276505458112	0.162765903073943
3.35	1.5934766	0.394943767168511	0.186789744996772
3.4	1.6182604	0.390022104711104	0.210290832084507
3.45	1.6430442	0.384524473937173	0.233269164337148
3.5	1.667828	0.378463830698	0.255724741754695
3.55	1.6926118	0.371853130844867	0.277657564337148
3.6	1.7173956	0.364705330229056	0.299067632084507
3.65	1.7421794	0.357033384701849	0.319954944996772
3.7	1.7669632	0.348850250114528	0.340319503073943
3.75	1.791747	0.340168882318375	0.360161306316021
3.8	1.8165308	0.331002237164672	0.379480354723005
3.85	1.8413146	0.321363270504701	0.398276648294894
3.9	1.8660984	0.311264938189744	0.41655018703169
3.95	1.8908822	0.300720196071083	0.434300970933392
4	1.915666	0.289742	0.451529
4.05	1.94038295	0.278433556246846	0.463315825956141
4.1	1.9650999	0.266847919162049	0.47395841233795
4.15	1.98981685	0.255013370857955	0.48345675914543
4.2	2.0145338	0.242958193446912	0.491810866378578
4.25	2.03925075	0.230710669041266	0.499020734037397
4.3	2.0639677	0.218299079753363	0.505086362121884
4.35	2.08868465	0.205751707695551	0.510007750632041
4.4	2.1134016	0.193096834980176	0.513784899567868
4.45	2.13811855	0.180362743719585	0.516417808929364
4.5	2.1628355	0.167577716026125	0.517906478716529
4.55	2.18755245	0.154770034012142	0.518250908929364
4.6	2.2122694	0.141967979789984	0.517451099567868
4.65	2.23698635	0.129199835471997	0.515507050632041
4.7	2.2617033	0.116493883170527	0.512418762121884
4.75	2.28642025	0.103878404997922	0.508186234037397
4.8	2.3111372	0.0913816830665279	0.502809466378579
4.85	2.33585415	0.0790319994886921	0.49628845914543
4.9	2.3605711	0.0668576363767609	0.488623212337951
4.95	2.38528805	0.0548868758430813	0.479813725956141
5	2.410005	0.043148	0.469860
5.05	2.43454485	0.0318298887362975	0.452460196016174
5.1	2.4590847	0.02094663584798	0.434419002978013
5.15	2.48362455	0.0105139809262325	0.415736420885519
5.2	2.5081644	0.000547663562239988	0.39641244973869
5.25	2.53270425	-0.00893657665281251	0.376447089537528
5.3	2.5572441	-0.01792300012774	0.355840340282031
5.35	2.58178395	-0.0263958672713575	0.3345922019722
5.4	2.6063238	-0.03433943849248	0.312702674608035
5.45	2.63086365	-0.0417379741999225	0.290171758189536
5.5	2.6554035	-0.0485757348025	0.266999452716703
5.55	2.67994335	-0.0548369807090275	0.243185758189536
5.6	2.7044832	-0.06050597232832	0.218730674608035
5.65	2.72902305	-0.0655669700691925	0.1936342019722
5.7	2.7535629	-0.07000423434046	0.167896340282031
5.75	2.77810275	-0.0738020255509375	0.141517089537528
5.8	2.8026426	-0.07694460410944	0.11449644973869
5.85	2.82718245	-0.0794162304247825	0.0868344208855187
5.9	2.8517223	-0.08120116490578	0.0585310029780131
5.95	2.87626215	-0.0822836679612474	0.0295861960161735
6	2.900802	-0.082648	0.000000