0	0.000000	0.000000	0.000000
0.05	0.02705615	0.00043245300673125	-0.0318891526443618
0.1	0.0541123	0.00172137876235	-0.0633107629051066
0.15	0.08116845	0.00385412736999375	-0.0942648307822343
0.2	0.1082246	0.0068180489328	-0.124751356275745
0.25	0.13528075	0.0106004935539062	-0.154770339385639
0.3	0.1623369	0.01518881133645	-0.184321780111915
0.35	0.18939305	0.0205703523835687	-0.213405678454575
0.4	0.2164492	0.0267324667984	-0.242022034413618
0.45	0.24350535	0.0336625046840812	-0.270170847989043
0.5	0.2705615	0.04134781614375	-0.297852119180852
0.55	0.29761765	0.0497757512805437	-0.325065847989043
0.6	0.3246738	0.0589336601976	-0.351812034413618
0.65	0.35172995	0.0688088929980562	-0.378090678454575
0.7	0.3787861	0.07938879978505	-0.403901780111915
0.75	0.40584225	0.0906607306617187	-0.429245339385639
0.8	0.4328984	0.1026120357312	-0.454121356275745
0.85	0.45995455	0.115230065096631	-0.478529830782234
0.9	0.4870107	0.12850216886115	-0.502470762905107
0.95	0.51406685	0.142415697127894	-0.525944152644362
1	0.541123	0.156958	-0.548950
1.05	0.5681696	0.17200738391586	-0.563651422230206
1.1	0.5952162	0.187434344702524	-0.576870468436181
1.15	0.6222628	0.203198789128613	-0.588607138617922
1.2	0.6493094	0.219260623962752	-0.598861432775432
1.25	0.676356	0.235579755973562	-0.60763335090871
1.3	0.7034026	0.252116091929668	-0.614922893017755
1.35	0.7304492	0.268829538599691	-0.620730059102567
1.4	0.7574958	0.285680002752256	-0.625054849163148
1.45	0.7845424	0.302627391155984	-0.627897263199496
1.5	0.811589	0.3196316105795	-0.629257301211613
1.55	0.8386356	0.336652567791425	-0.629134963199496
1.6	0.8656822	0.353650169560384	-0.627530249163148
1.65	0.8927288	0.370584322654999	-0.624443159102568
1.7	0.9197754	0.387414933843892	-0.619873693017755
1.75	0.946822	0.404101909895688	-0.613821850908709
1.8	0.9738686	0.420605157579008	-0.606287632775432
1.85	1.0009152	0.436884583662476	-0.597271038617922
1.9	1.0279618	0.452900094914716	-0.586772068436181
1.95	1.0550084	0.468611598104349	-0.574790722230206
2	1.082055	0.483979	-0.561327
2.05	1.1090566	0.49884189632368	-0.53945602814648
2.1	1.1360582	0.51310557251008	-0.516942953330173
2.15	1.1630598	0.52675269075184	-0.493787775551078
2.2	1.1900614	0.5397659132416	-0.469990494809196
2.25	1.217063	0.552127902172	-0.445551111104527
2.3	1.2440646	0.56382131973568	-0.42046962443707
2.35	1.2710662	0.57482882812528	-0.394746034806826
2.4	1.2980678	0.58513308953344	-0.368380342213795
2.45	1.3250694	0.5947167661528	-0.341372546657976
2.5	1.352071	0.603562520176	-0.313722648139369
2.55	1.3790726	0.61165301379568	-0.285430646657976
2.6	1.4060742	0.61897090920448	-0.256496542213795
2.65	1.4330758	0.62549886859504	-0.226920334806826
2.7	1.4600774	0.63121955416	-0.19670202443707
2.75	1.487079	0.636115628092	-0.165841611104527
2.8	1.5140806	0.64016975258368	-0.134339094809196
2.85	1.5410822	0.64336458982768	-0.102194475551078
2.9	1.5680838	0.64568280201664	-0.0694077533301729
2.95	1.5950854	0.6471070513432	-0.0359789281464802
3	1.622087	0.647620	-0.001908
3.05	1.6485432	0.647186570941951	0.0345170922070063
3.1	1.6749994	0.645801908712008	0.0700020378659067
3.15	1.7014556	0.643490886015277	0.104546836976701
3.2	1.7279118	0.640278375556864	0.13815148953939
3.25	1.754368	0.636189250041875	0.170815995553972
3.3	1.7808242	0.631248382175416	0.202540355020449
3.35	1.8072804	0.625480644662593	0.23332456793882
3.4	1.8337366	0.618910910208512	0.263168634309084
3.45	1.8601928	0.611564051518279	0.292072554131243
3.5	1.886649	0.603464941297	0.320036327405296
3.55	1.9131052	0.594638452249781	0.347059954131243
3.6	1.9395614	0.585109457081728	0.373143434309084
3.65	1.9660176	0.574902828497947	0.39828676793882
3.7	1.9924738	0.564043439203544	0.422489955020449
3.75	2.01893	0.552556161903625	0.445752995553972
3.8	2.0453862	0.540465869303296	0.46807588953939
3.85	2.0718424	0.527797434107663	0.489458636976701
3.9	2.0982986	0.514575729021832	0.509901237865907
3.95	2.1247548	0.500825626750909	0.529403692207006
4	2.151211	0.486572	0.547966
4.05	2.17770555	0.471815852548493	0.565647281662573
4.1	2.2042001	0.456614083889935	0.581604707360665
4.15	2.23069465	0.441012366812369	0.595838277094275
4.2	2.2571892	0.42505637410384	0.608347990863404
4.25	2.28368375	0.408791778552391	0.619133848668051
4.3	2.3101783	0.392264252946065	0.628195850508218
4.35	2.33667285	0.375519470072907	0.635533996383903
4.4	2.3631674	0.35860310272096	0.641148286295106
4.45	2.38966195	0.341560823678268	0.645038720241828
4.5	2.4161565	0.324438305732875	0.647205298224069
4.55	2.44265105	0.307281221672824	0.647648020241828
4.6	2.4691456	0.29013524428616	0.646366886295106
4.65	2.49564015	0.273046046360926	0.643361896383902
4.7	2.5221347	0.256059300685165	0.638633050508218
4.75	2.54862925	0.239220680046922	0.632180348668051
4.8	2.5751238	0.22257585723424	0.624003790863404
4.85	2.60161835	0.206170505035163	0.614103377094275
4.9	2.6281129	0.190050296237735	0.602479107360665
4.95	2.65460745	0.174260903629999	0.589130981662573
5	2.681102	0.158848	0.574059
5.05	2.70774055	0.143843228064559	0.552363754591311
5.1	2.7343791	0.129426211013391	0.529930856067748
5.15	2.76101765	0.11561659885588	0.506760304429309
5.2	2.7876562	0.102434041601408	0.482852099675996
5.25	2.81429475	0.0898981892593594	0.458206241807808
5.3	2.8409333	0.078028691839117	0.432822730824745
5.35	2.86757185	0.0668451993500641	0.406701566726807
5.4	2.8942104	0.056367361801584	0.379842749513994
5.45	2.92084895	0.0466148292030599	0.352246279186306
5.5	2.9474875	0.037607251563875	0.323912155743744
5.55	2.97412605	0.0293642788934126	0.294840379186306
5.6	3.0007646	0.021905561201056	0.265030949513994
5.65	3.02740315	0.0152507484961883	0.234483866726807
5.7	3.0540417	0.00941949078819299	0.203199130824745
5.75	3.08068025	0.00443143808645308	0.171176741807808
5.8	3.1073188	0.000306240400351987	0.138416699675996
5.85	3.13395735	-0.00293645226072717	0.104919004429309
5.9	3.1605959	-0.00527698988740102	0.0706836560677478
5.95	3.18723445	-0.00669572247028638	0.0357106545913115
6	3.213873	-0.007173	0.000000