0	0.000000	0.000000	0.000000
0.05	0.02211015	0.000208718395928375	-0.0187517608294211
0.1	0.0442203	0.000823543395097	-0.0367348573610084
0.15	0.06633045	0.00182747971458112	-0.0539492895947619
0.2	0.0884406	0.003203532071456	-0.0703950575306816
0.25	0.11055075	0.00493470518279687	-0.0860721611687675
0.3	0.1326609	0.007004003765679	-0.10098060050902
0.35	0.15477105	0.00939443253717762	-0.115120375551438
0.4	0.1768812	0.012088996214368	-0.128491486296022
0.45	0.19899135	0.0150706995143254	-0.141093932742773
0.5	0.2211015	0.018322547154125	-0.15292771489169
0.55	0.24321165	0.0218275438508421	-0.163992832742773
0.6	0.2653218	0.025568694321552	-0.174289286296022
0.65	0.28743195	0.0295290032833299	-0.183817075551438
0.7	0.3095421	0.033691475453251	-0.19257620050902
0.75	0.33165225	0.0380391155483906	-0.200566661168767
0.8	0.3537624	0.042554928285824	-0.207788457530682
0.85	0.37587255	0.0472219183826264	-0.214241589594762
0.9	0.3979827	0.052023090555873	-0.219926057361008
0.95	0.42009285	0.0569414495226391	-0.224841860829421
1	0.442203	0.061960	-0.228989
1.05	0.464252	0.0670082404333325	-0.228872743512064
1.1	0.486301	0.07205065567546	-0.228460614022858
1.15	0.50835	0.0770807220225775	-0.227752611532382
1.2	0.530399	0.08209191577088	-0.226748736040637
1.25	0.552448	0.0870777132165625	-0.225448987547621
1.3	0.574497	0.09203159065582	-0.223853366053336
1.35	0.596546	0.0969470243848475	-0.22196187155778
1.4	0.618595	0.10181749069984	-0.219774504060955
1.45	0.640644	0.106636465896992	-0.21729126356286
1.5	0.662693	0.1113974262725	-0.214512150063495
1.55	0.684742	0.116093848122558	-0.21143716356286
1.6	0.706791	0.12071920774336	-0.208066304060955
1.65	0.72884	0.125266981431102	-0.20439957155778
1.7	0.750889	0.12973064548198	-0.200436966053336
1.75	0.772938	0.134103676192187	-0.196178487547621
1.8	0.794987	0.13837954985792	-0.191624136040637
1.85	0.817036	0.142551742775372	-0.186773911532382
1.9	0.839085	0.14661373124074	-0.181627814022858
1.95	0.861134	0.150558991550218	-0.176185843512064
2	0.883183	0.154381	-0.170448
2.05	0.9050477	0.158019252471254	-0.162323523584682
2.1	0.9269124	0.161478199470672	-0.15404663416045
2.15	0.9487771	0.164754508533538	-0.145617331727305
2.2	0.9706418	0.167844847195136	-0.137035616285245
2.25	0.9925065	0.17074588299075	-0.128301487834272
2.3	1.0143712	0.173454283455664	-0.119414946374384
2.35	1.0362359	0.175966716125162	-0.110375991905583
2.4	1.0581006	0.178279848534528	-0.101184624427868
2.45	1.0799653	0.180390348219046	-0.0918408439412387
2.5	1.10183	0.182294882714	-0.0823446504456957
2.55	1.1236947	0.183990119554674	-0.0726960439412387
2.6	1.1455594	0.185472726276352	-0.0628950244278678
2.65	1.1674241	0.186739370414318	-0.0529415919055831
2.7	1.1892888	0.187786719503856	-0.0428357463743844
2.75	1.2111535	0.18861144108025	-0.0325774878342717
2.8	1.2330182	0.189210202678784	-0.0221668162852452
2.85	1.2548829	0.189579671834742	-0.0116037317273048
2.9	1.2767476	0.189716516083408	-0.000888234160450431
2.95	1.2986123	0.189617402960066	0.00997967641531783
3	1.320477	0.189279	0.021000
3.05	1.34396575	0.188684072141284	0.029690400690091
3.1	1.3674545	0.187882622338025	0.0385847539391198
3.15	1.39094325	0.186869859999553	0.0476830597470864
3.2	1.414432	0.1856409945352	0.0569853181139907
3.25	1.43792075	0.184191235354297	0.0664915290398329
3.3	1.4614095	0.182515791866175	0.0762016925246129
3.35	1.48489825	0.180609873480166	0.0861158085683306
3.4	1.508387	0.1784686896056	0.0962338771709861
3.45	1.53187575	0.176087449651809	0.106555898332579
3.5	1.5553645	0.173461363028125	0.117081872053111
3.55	1.57885325	0.170585639143878	0.127811798332579
3.6	1.602342	0.1674554874084	0.138745677170986
3.65	1.62583075	0.164066117231022	0.149883508568331
3.7	1.6493195	0.160412738021075	0.161225292524613
3.75	1.67280825	0.156490559187891	0.172771029039833
3.8	1.696297	0.1522947901408	0.184520718113991
3.85	1.71978575	0.147820640289134	0.196474359747086
3.9	1.7432745	0.143063319042225	0.20863195393912
3.95	1.76676325	0.138018035809403	0.220993500690091
4	1.790252	0.132680	0.233559
4.05	1.8134634	0.12718076105002	0.240228343726359
4.1	1.8366748	0.12153034834444	0.246584819692048
4.15	1.8598862	0.115736023982	0.252628427897068
4.2	1.8830976	0.10980505006144	0.258359168341418
4.25	1.906309	0.1037446886815	0.2637770410251
4.3	1.9295204	0.09756220194092	0.268882045948112
4.35	1.9527318	0.09126485193844	0.273674183110454
4.4	1.9759432	0.0848599007728	0.278153452512128
4.45	1.9991546	0.07835461054274	0.282319854153132
4.5	2.022366	0.071756243347	0.286173388033466
4.55	2.0455774	0.06507206128432	0.289714054153132
4.6	2.0687888	0.05830932645344	0.292941852512128
4.65	2.0920002	0.0514753009531	0.295856783110454
4.7	2.1152116	0.04457724688204	0.298458845948112
4.75	2.138423	0.037622426339	0.3007480410251
4.8	2.1616344	0.03061810142272	0.302724368341418
4.85	2.1848458	0.02357153423194	0.304387827897068
4.9	2.2080572	0.0164899868654	0.305738419692048
4.95	2.2312686	0.00938072142184002	0.306776143726359
5	2.254480	0.002251	0.307501
5.05	2.27746265	-0.00475409529152912	0.301925645869923
5.1	2.3004453	-0.011619200329393	0.295318744806169
5.15	2.32342795	-0.0183206074314564	0.287680296808739
5.2	2.3464106	-0.024834608915584	0.279010301877634
5.25	2.36939325	-0.0311374970996406	0.269308760012852
5.3	2.3923759	-0.037205564301491	0.258575671214394
5.35	2.41535855	-0.0430151028389999	0.246811035482261
5.4	2.4383412	-0.048542405030032	0.234014852816451
5.45	2.46132385	-0.0537637631924521	0.220187123216965
5.5	2.4843065	-0.058655469644125	0.205327846683803
5.55	2.50728915	-0.0631938167029154	0.189437023216965
5.6	2.5302718	-0.067355096686688	0.172514652816451
5.65	2.55325445	-0.0711156019133076	0.154560735482261
5.7	2.5762371	-0.074451624700639	0.135575271214394
5.75	2.59921975	-0.0773394573665468	0.115558260012852
5.8	2.6222024	-0.079755392228896	0.0945097018776337
5.85	2.64518505	-0.0816757216055511	0.0724295968087394
5.9	2.6681677	-0.083076737814377	0.0493179448061689
5.95	2.69115035	-0.0839347331732383	0.0251747458699225
6	2.714133	-0.084226	0.000000