0	0.000000	0.000000	0.000000
0.05	0.0249488	0.000411348327508	-0.0328462282708587
0.1	0.0498976	0.001632502609504	-0.0649174272500481
0.15	0.0748464	0.003644126795196	-0.0962135969375681
0.2	0.0997952	0.006426884833792	-0.126734737333419
0.25	0.124744	0.0099614406745	-0.1564808484376
0.3	0.1496928	0.014228458266528	-0.185451930250112
0.35	0.1746416	0.019208601559084	-0.213647982770955
0.4	0.1995904	0.024882534501376	-0.241069006000128
0.45	0.2245392	0.031230921042612	-0.267714999937632
0.5	0.249488	0.038234425132	-0.293585964583467
0.55	0.2744368	0.045873710718748	-0.318681899937632
0.6	0.2993856	0.054129441752064	-0.343002806000128
0.65	0.3243344	0.062982282181156	-0.366548682770955
0.7	0.3492832	0.072412895955232	-0.389319530250112
0.75	0.374232	0.0824019470235	-0.4113153484376
0.8	0.3991808	0.092930099335168	-0.432536137333419
0.85	0.4241296	0.103978016839444	-0.452981896937568
0.9	0.4490784	0.115526363485536	-0.472652627250048
0.95	0.4740272	0.127555803222652	-0.491548328270859
1	0.498976	0.140047	-0.509669
1.05	0.52379955	0.152841961362765	-0.520978822079824
1.1	0.5486231	0.165900917714199	-0.530938720782825
1.15	0.57344665	0.179190359163862	-0.539548696109002
1.2	0.5982702	0.192676775821312	-0.546808748058356
1.25	0.62309375	0.206326657796109	-0.552718876630886
1.3	0.6479173	0.220106495197813	-0.557279081826592
1.35	0.67274085	0.233982778135982	-0.560489363645475
1.4	0.6975644	0.247921996720176	-0.562349722087534
1.45	0.72238795	0.261890641059954	-0.562860157152769
1.5	0.7472115	0.275855201264875	-0.562020668841181
1.55	0.77203505	0.289782167444499	-0.559831257152769
1.6	0.7968586	0.303638029708384	-0.556291922087534
1.65	0.82168215	0.31738927816609	-0.551402663645475
1.7	0.8465057	0.331002402927177	-0.545163481826592
1.75	0.87132925	0.344443894101203	-0.537574376630886
1.8	0.8961528	0.357680241797728	-0.528635348058356
1.85	0.92097635	0.370677936126311	-0.518346396109002
1.9	0.9457999	0.383403467196511	-0.506707520782825
1.95	0.97062345	0.395823325117888	-0.493718722079824
2	0.995447	0.407904	-0.479380
2.05	1.020204	0.41954562814767	-0.460993714804298
2.1	1.044961	0.43072479431896	-0.442019901734459
2.15	1.069718	0.44142695308629	-0.422458560790483
2.2	1.094475	0.45163755902208	-0.402309691972371
2.25	1.119232	0.46134206669875	-0.381573295280123
2.3	1.143989	0.47052593068872	-0.360249370713737
2.35	1.168746	0.47917460556441	-0.338337918273216
2.4	1.193503	0.48727354589824	-0.315838937958557
2.45	1.21826	0.49480820626263	-0.292752429769762
2.5	1.243017	0.50176404123	-0.26907839370683
2.55	1.267774	0.50812650537277	-0.244816829769762
2.6	1.292531	0.51388105326336	-0.219967737958557
2.65	1.317288	0.51901313947419	-0.194531118273215
2.7	1.342045	0.52350821857768	-0.168506970713737
2.75	1.366802	0.52735174514625	-0.141895295280123
2.8	1.391559	0.53052917375232	-0.114696091972371
2.85	1.416316	0.53302595896831	-0.0869093607904834
2.9	1.441073	0.53482755536664	-0.0585351017344588
2.95	1.46583	0.53591941751973	-0.0295733148042978
3	1.490587	0.536287	-0.000024
3.05	1.51534535	0.535920479989437	0.0295337218141001
3.1	1.5401037	0.534829443557147	0.0585030360688212
3.15	1.56486205	0.533028458703427	0.0868839427641634
3.2	1.5896204	0.530532093428576	0.114676441900127
3.25	1.61437875	0.527354915732891	0.141880533476711
3.3	1.6391371	0.523511493616669	0.168496217493916
3.35	1.66389545	0.519016395080209	0.194523493951743
3.4	1.6886538	0.513884188123808	0.21996236285019
3.45	1.71341215	0.508129440747764	0.244812824189258
3.5	1.7381705	0.501766720952375	0.269074877968948
3.55	1.76292885	0.494810596737938	0.292748524189258
3.6	1.7876872	0.487275636104752	0.31583376285019
3.65	1.81244555	0.479176407053114	0.338330593951743
3.7	1.8372039	0.470527477583321	0.360239017493916
3.75	1.86196225	0.461343415695672	0.381559033476711
3.8	1.8867206	0.451638789390464	0.402290641900127
3.85	1.91147895	0.441428166667995	0.422433842764163
3.9	1.9362373	0.430726115528563	0.441988636068821
3.95	1.96099565	0.419547203972465	0.4609550218141
4	1.985754	0.407906	0.479333
4.05	2.0105856	0.395821817387908	0.493731322760354
4.1	2.0354172	0.383396964945744	0.506771411545933
4.15	2.0602488	0.370665169796276	0.518453266356739
4.2	2.0850804	0.357660159062272	0.52877688719277
4.25	2.109912	0.3444156598665	0.537742274054028
4.3	2.1347436	0.330965399331728	0.545349426940511
4.35	2.1595752	0.317343104580724	0.55159834585222
4.4	2.1844068	0.303582502736256	0.556489030789156
4.45	2.2092384	0.289717320921092	0.560021481751317
4.5	2.23407	0.275781286258	0.562195698738704
4.55	2.2589016	0.261808125869748	0.563011681751317
4.6	2.2837332	0.247831566879104	0.562469430789156
4.65	2.3085648	0.233885336408836	0.560568945852221
4.7	2.3333964	0.220003161581712	0.557310226940511
4.75	2.358228	0.2062187695205	0.552693274054028
4.8	2.3830596	0.192565887347968	0.54671808719277
4.85	2.4078912	0.179078242186884	0.539384666356739
4.9	2.4327228	0.165789561160016	0.530693011545933
4.95	2.4575544	0.152733571390132	0.520643122760354
5	2.482386	0.139944	0.509235
5.05	2.50732345	0.127468618078448	0.491169137110275
5.1	2.5322609	0.115453459791785	0.472324759787889
5.15	2.55719835	0.103917939304749	0.452701868032843
5.2	2.5821358	0.09288147078208	0.432300461845136
5.25	2.60707325	0.0823634683885156	0.411120541224769
5.3	2.6320107	0.072383346288795	0.389162106171742
5.35	2.65694815	0.0629605186476569	0.366425156686053
5.4	2.6818856	0.05411439962984	0.342909692767705
5.45	2.70682305	0.0458644034000831	0.318615714416696
5.5	2.7317605	0.038229944123125	0.293543221633026
5.55	2.75669795	0.0312304359637044	0.267692214416696
5.6	2.7816354	0.02488529308656	0.241062692767705
5.65	2.80657285	0.0192139296564306	0.213654656686053
5.7	2.8315103	0.014235759838055	0.185468106171742
5.75	2.85644775	0.00997019779617186	0.156503041224769
5.8	2.8813852	0.00643665769552001	0.126759461845137
5.85	2.90632265	0.00365455370083811	0.0962373680328432
5.9	2.9312601	0.00164329997686499	0.0649367597878894
5.95	2.95619755	0.000422310688339367	0.0328576371102751
6	2.981135	0.000011	0.000000