0	0.000000	0.000000	0.000000
0.05	0.0257406	0.000442995310836	-0.0343193682986411
0.1	0.0514812	0.001761623283168	-0.0680351399342673
0.15	0.0772218	0.003940346976732	-0.101147314906879
0.2	0.1029624	0.006963629451264	-0.133655893216475
0.25	0.128703	0.0108159337665	-0.165560874863057
0.3	0.1544436	0.015481722982176	-0.196862259846624
0.35	0.1801842	0.020945460158028	-0.227560048167176
0.4	0.2059248	0.027191608353792	-0.257654239824713
0.45	0.2316654	0.034204630629204	-0.287144834819235
0.5	0.257406	0.041968990044	-0.316031833150742
0.55	0.2831466	0.050469149657916	-0.344315234819235
0.6	0.3088872	0.059689572530688	-0.371995039824713
0.65	0.3346278	0.069614721722052	-0.399071248167176
0.7	0.3603684	0.080229060291744	-0.425543859846624
0.75	0.386109	0.0915170512995	-0.451412874863057
0.8	0.4118496	0.103463157805056	-0.476678293216475
0.85	0.4375902	0.116051842868148	-0.501340114906878
0.9	0.4633308	0.129267569548512	-0.525398339934267
0.95	0.4890714	0.143094800905884	-0.548852968298641
1	0.514812	0.157518	-0.571704
1.05	0.54054165	0.172395666049415	-0.584494972495628
1.1	0.5662713	0.187582227725829	-0.595714868939084
1.15	0.59200095	0.203037261792297	-0.605363689330369
1.2	0.6177306	0.218720345011872	-0.613441433669483
1.25	0.64346025	0.234591054147609	-0.619948101956425
1.3	0.6691899	0.250608965962563	-0.624883694191196
1.35	0.69491955	0.266733657219787	-0.628248210373796
1.4	0.7206492	0.282924704682336	-0.630041650504224
1.45	0.74637885	0.299141685113264	-0.630264014582481
1.5	0.7721085	0.315344175275625	-0.628915302608567
1.55	0.79783815	0.331491751932474	-0.625995514582481
1.6	0.8235678	0.347543991846864	-0.621504650504224
1.65	0.84929745	0.36346047178185	-0.615442710373796
1.7	0.8750271	0.379200768500487	-0.607809694191196
1.75	0.90075675	0.394724458765828	-0.598605601956425
1.8	0.9264864	0.409991119340928	-0.587830433669483
1.85	0.95221605	0.424960326988841	-0.575484189330369
1.9	0.9779457	0.439591658472621	-0.561566868939084
1.95	1.00367535	0.453844690555323	-0.546078472495628
2	1.029405	0.467679	-0.529019
2.05	1.05534375	0.481090519204197	-0.505033548006
2.1	1.0812825	0.493876862129075	-0.480814959379789
2.15	1.10722125	0.506031981501816	-0.456363234121368
2.2	1.13316	0.5175498300496	-0.431678372230736
2.25	1.15909875	0.528424360499609	-0.406760373707894
2.3	1.1850375	0.538649525579025	-0.381609238552841
2.35	1.21097625	0.548219278015028	-0.356224966765578
2.4	1.236915	0.5571275705348	-0.330607558346104
2.45	1.26285375	0.565368355865522	-0.30475701329442
2.5	1.2887925	0.572935586734375	-0.278673331610525
2.55	1.31473125	0.579823215868541	-0.252356513294419
2.6	1.34067	0.5860251959952	-0.225806558346104
2.65	1.36660875	0.591535479841534	-0.199023466765578
2.7	1.3925475	0.596348020134725	-0.172007238552841
2.75	1.41848625	0.600456769601953	-0.144757873707894
2.8	1.444425	0.6038556809704	-0.117275372230736
2.85	1.47036375	0.606538706967247	-0.0895597341213676
2.9	1.4963025	0.608499800319675	-0.0616109593797889
2.95	1.52224125	0.609732913754866	-0.0334290480059998
3	1.548180	0.610232	-0.005014
3.05	1.57133305	0.610017045404104	0.0234656900071535
3.1	1.5944861	0.609150787992903	0.0512466494872382
3.15	1.61763915	0.607649405509226	0.0783288784402541
3.2	1.6407922	0.605529075695904	0.104712376866201
3.25	1.66394525	0.602805976295766	0.13039714476508
3.3	1.6870983	0.599496285051641	0.155383182136889
3.35	1.71025135	0.59561617970636	0.17967048898163
3.4	1.7334044	0.591181838002752	0.203259065299302
3.45	1.75655745	0.586209437683647	0.226148911089905
3.5	1.7797105	0.580715156491875	0.248340026353439
3.55	1.80286355	0.574715172170265	0.269832411089905
3.6	1.8260166	0.568225662461648	0.290626065299302
3.65	1.84916965	0.561262805108853	0.31072098898163
3.7	1.8723227	0.553842777854709	0.330117182136889
3.75	1.89547575	0.545981758442047	0.34881464476508
3.8	1.9186288	0.537695924613696	0.366813376866201
3.85	1.94178185	0.529001454112486	0.384113378440254
3.9	1.9649349	0.519914524681247	0.400714649487238
3.95	1.98808795	0.510451314062808	0.416617190007153
4	2.011241	0.500628	0.431821
4.05	2.034743	0.49029684898091	0.447072670843758
4.1	2.058245	0.47962688215168	0.460653934230278
4.15	2.081747	0.46865735742837	0.472564790159561
4.2	2.105249	0.45742753272704	0.482805238631606
4.25	2.128751	0.44597666596375	0.491375279646413
4.3	2.152253	0.43434401505456	0.498274913203983
4.35	2.175755	0.42256883791553	0.503504139304314
4.4	2.199257	0.41069039246272	0.507062957947409
4.45	2.222759	0.39874793661219	0.508951369133265
4.5	2.246261	0.38678072828	0.509169372861884
4.55	2.269763	0.37482802538221	0.507716969133265
4.6	2.293265	0.36292908583488	0.504594157947409
4.65	2.316767	0.35112316755407	0.499800939304315
4.7	2.340269	0.33944952845584	0.493337313203983
4.75	2.363771	0.32794742645625	0.485203279646413
4.8	2.387273	0.31665611947136	0.475398838631606
4.85	2.410775	0.30561486541723	0.463923990159561
4.9	2.434277	0.29486292220992	0.450778734230278
4.95	2.457779	0.28443954776549	0.435963070843758
5	2.481281	0.274384	0.419477
5.05	2.504904	0.264713321833173	0.399260770248593
5.1	2.528527	0.25552115362298	0.378964790997333
5.15	2.55215	0.246809379291858	0.358589062246222
5.2	2.575773	0.23857988276224	0.338133583995259
5.25	2.599396	0.230834547956563	0.317598356244444
5.3	2.623019	0.22357525879726	0.296983378993777
5.35	2.646642	0.216803899206768	0.276288652243259
5.4	2.670265	0.21052235310752	0.255514175992888
5.45	2.693888	0.204732504421953	0.234659950242666
5.5	2.717511	0.1994362370725	0.213725974992592
5.55	2.741134	0.194635434981597	0.192712250242666
5.6	2.764757	0.19033198207168	0.171618775992888
5.65	2.78838	0.186527762265182	0.150445552243259
5.7	2.812003	0.18322465948454	0.129192578993777
5.75	2.835626	0.180424557652188	0.107859856244444
5.8	2.859249	0.17812934069056	0.0864473839952589
5.85	2.882872	0.176340892522093	0.064955162246222
5.9	2.906495	0.17506109706922	0.0433831909973331
5.95	2.930118	0.174291838254377	0.0217314702485925
6	2.953741	0.174035	0.000000