0	0.000000	0.000000	0.000000
0.05	0.0234542	0.0003351905259855	-0.0283984811192239
0.1	0.0469084	0.001323492519524	-0.0556924958048452
0.15	0.0703626	0.0029390016039885	-0.081882044056864
0.2	0.0938168	0.005155813402752	-0.10696712587528
0.25	0.117271	0.0079480235391875	-0.130947741260094
0.3	0.1407252	0.011289727636668	-0.153823890211305
0.35	0.1641794	0.0151550213185665	-0.175595572728914
0.4	0.1876336	0.019518000208256	-0.19626278881292
0.45	0.2110878	0.0243527599291095	-0.215825538463324
0.5	0.234542	0.0296333961045	-0.234283821680126
0.55	0.2579962	0.0353340043578005	-0.251637638463324
0.6	0.2814504	0.041428680312384	-0.26788698881292
0.65	0.3049046	0.0478915195916235	-0.283031872728914
0.7	0.3283588	0.054696617818892	-0.297072290211305
0.75	0.351813	0.0618180706175625	-0.310008241260094
0.8	0.3752672	0.069229973611008	-0.32183972587528
0.85	0.3987214	0.0769064224226015	-0.332566744056864
0.9	0.4221756	0.084821512675716	-0.342189295804845
0.95	0.4456298	0.0929493399937245	-0.350707381119224
1	0.469084	0.101264	-0.358121
1.05	0.49277175	0.109775482520291	-0.360437898548248
1.1	0.5164595	0.11833608267968	-0.362268091986153
1.15	0.54014725	0.126934271529189	-0.363611580313717
1.2	0.563835	0.13555852011984	-0.364468363530939
1.25	0.58752275	0.144197299502656	-0.364838441637819
1.3	0.6112105	0.15283908072866	-0.364721814634357
1.35	0.63489825	0.161472334848874	-0.364118482520554
1.4	0.658586	0.17008553291432	-0.363028445296408
1.45	0.68227375	0.178667145976021	-0.361451702961921
1.5	0.7059615	0.187205645085	-0.359388255517092
1.55	0.72964925	0.195689501292279	-0.356838102961921
1.6	0.753337	0.20410718564888	-0.353801245296408
1.65	0.77702475	0.212447169205826	-0.350277682520554
1.7	0.8007125	0.22069792301414	-0.346267414634357
1.75	0.82440025	0.228847918124844	-0.341770441637819
1.8	0.848088	0.23688562558896	-0.336786763530939
1.85	0.87177575	0.244799516457511	-0.331316380313717
1.9	0.8954635	0.25257806178152	-0.325359291986153
1.95	0.91915125	0.260209732612009	-0.318915498548247
2	0.942839	0.267683	-0.311985
2.05	0.96665045	0.274938846272368	-0.297441522124235
2.1	0.9904619	0.281847301094967	-0.282806478761709
2.15	1.01427335	0.288406184160786	-0.268079869912421
2.2	1.0380848	0.294613315162816	-0.253261695576372
2.25	1.06189625	0.300466513794047	-0.238351955753561
2.3	1.0857077	0.305963599747469	-0.223350650443988
2.35	1.10951915	0.311102392716073	-0.208257779647654
2.4	1.1333306	0.315880712392848	-0.193073343364558
2.45	1.15714205	0.320296378470785	-0.1777973415947
2.5	1.1809535	0.324347210642875	-0.162429774338081
2.55	1.20476495	0.328031028602107	-0.1469706415947
2.6	1.2285764	0.331345652041472	-0.131419943364558
2.65	1.25238785	0.33428890065396	-0.115777679647654
2.7	1.2761993	0.336858594132561	-0.100043850443988
2.75	1.30001075	0.339052552170266	-0.0842184557535608
2.8	1.3238222	0.340868594460064	-0.0683014955763718
2.85	1.34763365	0.342304540694946	-0.0522929699124213
2.9	1.3714451	0.343358210567903	-0.0361928787617092
2.95	1.39525655	0.344027423771924	-0.0200012221242354
3	1.419068	0.344310	-0.003718
3.05	1.44267505	0.344200778402197	0.0129502981513574
3.1	1.4662821	0.343699555071116	0.0294925649183613
3.15	1.48988915	0.342809305235949	0.0459088003010118
3.2	1.5134962	0.341533004125888	0.062199004299309
3.25	1.53710325	0.339873626970125	0.0783631769132527
3.3	1.5607103	0.337834148997852	0.094401318142843
3.35	1.58431735	0.335417545438261	0.11031342798808
3.4	1.6079244	0.332626791520544	0.126099506448963
3.45	1.63153145	0.329464862473893	0.141759553525494
3.5	1.6551385	0.3259347335275	0.15729356921767
3.55	1.67874555	0.322039379910557	0.172701553525494
3.6	1.7023526	0.317781776852256	0.187983506448963
3.65	1.72595965	0.313164899581789	0.20313942798808
3.7	1.7495667	0.308191723328348	0.218169318142843
3.75	1.77317375	0.302865223321125	0.233073176913253
3.8	1.7967808	0.297188374789312	0.247851004299309
3.85	1.82038785	0.291164152962101	0.262502800301012
3.9	1.8439949	0.284795533068684	0.277028564918361
3.95	1.86760195	0.278085490338253	0.291428298151357
4	1.891209	0.271037	0.305702
4.05	1.91475865	0.263750295113045	0.313049305984102
4.1	1.9383083	0.256296662984544	0.319878621864614
4.15	1.96185795	0.248688302100138	0.326189947641536
4.2	1.9854076	0.240937410945472	0.331983283314869
4.25	2.00895725	0.233056188006187	0.337258628884612
4.3	2.0325069	0.225056831767928	0.342015984350765
4.35	2.05605655	0.216951540716336	0.346255349713329
4.4	2.0796062	0.208752513337056	0.349976724972303
4.45	2.10315585	0.200471948115729	0.353180110127688
4.5	2.1267055	0.192122043538	0.355865505179482
4.55	2.15025515	0.183714998089511	0.358032910127688
4.6	2.1738048	0.175263010255904	0.359682324972303
4.65	2.19735445	0.166778278522824	0.360813749713329
4.7	2.2209041	0.158273001375912	0.361427184350765
4.75	2.24445375	0.149759377300813	0.361522628884612
4.8	2.2680034	0.141249604783168	0.361100083314869
4.85	2.29155305	0.132755882308622	0.360159547641536
4.9	2.3151027	0.124290408362816	0.358701021864614
4.95	2.33865235	0.115865381431395	0.356724505984102
5	2.362202	0.107493	0.354230
5.05	2.38559765	0.0992866559077012	0.347111500977586
5.1	2.4089933	0.09125989741881	0.338877949220688
5.15	2.43238895	0.0834388119168337	0.329529344729309
5.2	2.4557846	0.07584948678528	0.319065687503446
5.25	2.47918025	0.0685180094076562	0.307486977543101
5.3	2.5025759	0.06147046716747	0.294793214848273
5.35	2.52597155	0.0547329474482287	0.280984399418962
5.4	2.5493672	0.04833153763344	0.266060531255169
5.45	2.57276285	0.0422923251066112	0.250021610356893
5.5	2.5961585	0.03664139725125	0.232867636724134
5.55	2.61955415	0.0314048414508637	0.214598610356893
5.6	2.6429498	0.02660874508896	0.195214531255169
5.65	2.66634545	0.0222791955490463	0.174715399418962
5.7	2.6897411	0.01844228021463	0.153101214848273
5.75	2.71313675	0.0151240864692188	0.130371977543101
5.8	2.7365324	0.01235070169632	0.106527687503446
5.85	2.75992805	0.0101482132794413	0.0815683447293086
5.9	2.7833237	0.00854270860209	0.0554939492206884
5.95	2.80671935	0.00756027504777375	0.0283045009775855
6	2.830115	0.007227	0.000000