0	0.000000	0.000000	0.000000
0.05	0.024696	0.00035723311982	-0.0288384128547133
0.1	0.049392	0.00141984129616	-0.0571246401457726
0.15	0.074088	0.00317418775434	-0.0848586818731778
0.2	0.098784	0.00560663571968	-0.112040538036929
0.25	0.12348	0.0087035484175	-0.138670208637026
0.3	0.148176	0.01245128907312	-0.164747693673469
0.35	0.172872	0.01683622091186	-0.190272993146258
0.4	0.197568	0.02184470715904	-0.215246107055394
0.45	0.222264	0.02746311103998	-0.239667035400875
0.5	0.24696	0.03367779578	-0.263535778182702
0.55	0.271656	0.04047512460442	-0.286852335400875
0.6	0.296352	0.04784146073856	-0.309616707055394
0.65	0.321048	0.05576316740774	-0.331828893146258
0.7	0.345744	0.06422660783728	-0.353488893673469
0.75	0.37044	0.0732181452525	-0.374596708637026
0.8	0.395136	0.08272414287872	-0.395152338036929
0.85	0.419832	0.09273096394126	-0.415155781873178
0.9	0.444528	0.10322497166544	-0.434607040145773
0.95	0.469224	0.11419252927658	-0.453506112854713
1	0.493920	0.125620	-0.471853
1.05	0.51851985	0.137391603524535	-0.484934622215364
1.1	0.5431197	0.149465887811179	-0.496461342092269
1.15	0.56771955	0.161804602495642	-0.506433159630714
1.2	0.5923194	0.174369497213632	-0.5148500748307
1.25	0.61691925	0.187122321600859	-0.521712087692227
1.3	0.6415191	0.200024825293033	-0.527019198215294
1.35	0.66611895	0.213038757925862	-0.530771406399902
1.4	0.6907188	0.226125869135056	-0.53296871224605
1.45	0.71531865	0.239247908556324	-0.533611115753739
1.5	0.7399185	0.252366625825375	-0.532698616922969
1.55	0.76451835	0.265443770577919	-0.530231215753739
1.6	0.7891182	0.278441092449664	-0.52620891224605
1.65	0.81371805	0.29132034107632	-0.520631706399902
1.7	0.8383179	0.304043266093597	-0.513499598215294
1.75	0.86291775	0.316571617137203	-0.504812587692227
1.8	0.8875176	0.328867143842848	-0.4945706748307
1.85	0.91211745	0.340891595846241	-0.482773859630714
1.9	0.9367173	0.352606722783091	-0.469422142092269
1.95	0.96131715	0.363974274289108	-0.454515522215364
2	0.985917	0.374956	-0.438054
2.05	1.0104297	0.385492487390793	-0.421523597973081
2.1	1.0349424	0.395616549008566	-0.404404033001628
2.15	1.0594551	0.405313742878808	-0.386695305085639
2.2	1.0839678	0.414569627027008	-0.368397414225116
2.25	1.1084805	0.423369759478656	-0.349510360420058
2.3	1.1329932	0.431699698259242	-0.330034143670465
2.35	1.1575059	0.439545001394255	-0.309968763976337
2.4	1.1820186	0.446891226909184	-0.289314221337674
2.45	1.2065313	0.453723932829519	-0.268070515754476
2.5	1.231044	0.46002867718075	-0.246237647226744
2.55	1.2555567	0.465791017988366	-0.223815615754476
2.6	1.2800694	0.470996513277856	-0.200804421337674
2.65	1.3045821	0.47563072107471	-0.177204063976337
2.7	1.3290948	0.479679199404418	-0.153014543670465
2.75	1.3536075	0.483127506292469	-0.128235860420058
2.8	1.3781202	0.485961199764352	-0.102868014225116
2.85	1.4026329	0.488165837845557	-0.0769110050856393
2.9	1.4271456	0.489726978561574	-0.0503648330016277
2.95	1.4516583	0.490630179937892	-0.0232294979730813
3	1.476171	0.490861	0.004495
3.05	1.5013938	0.490405894972567	0.0314750062030782
3.1	1.5266166	0.489279115991896	0.0577542696479376
3.15	1.5518394	0.487498337752429	0.0833327903345782
3.2	1.5770622	0.485081234948608	0.108210568263
3.25	1.602285	0.482045482274875	0.132387603433203
3.3	1.6275078	0.478408754425672	0.155863895845188
3.35	1.6527306	0.474188726095441	0.178639445498953
3.4	1.6779534	0.469403071978624	0.2007142523945
3.45	1.7031762	0.464069466769663	0.222088316531828
3.5	1.728399	0.458205585163	0.242761637910938
3.55	1.7536218	0.451829101853077	0.262734216531828
3.6	1.7788446	0.444957691534336	0.2820060523945
3.65	1.8040674	0.437609028901219	0.300577145498953
3.7	1.8292902	0.429800788648168	0.318447495845188
3.75	1.854513	0.421550645469625	0.335617103433203
3.8	1.8797358	0.412876274060032	0.352085968263
3.85	1.9049586	0.403795349113831	0.367854090334578
3.9	1.9301814	0.394325545325464	0.382921469647937
3.95	1.9554042	0.384484537389373	0.397288106203078
4	1.980627	0.374290	0.410954
4.05	2.00594465	0.363779842269663	0.419153820732246
4.1	2.0312623	0.353073892927302	0.426420807703203
4.15	2.05657995	0.342195769131594	0.432754960912871
4.2	2.0818976	0.331169088041216	0.43815628036125
4.25	2.10721525	0.320017466814844	0.44262476604834
4.3	2.1325329	0.308764522611154	0.446160417974141
4.35	2.15785055	0.297433872588823	0.448763236138652
4.4	2.1831682	0.286049133906528	0.450433220541875
4.45	2.20848585	0.274633923722945	0.451170371183808
4.5	2.2338035	0.26321185919675	0.450974688064453
4.55	2.25912115	0.25180655748662	0.449846171183808
4.6	2.2844388	0.240441635751232	0.447784820541875
4.65	2.30975645	0.229140711149262	0.444790636138652
4.7	2.3350741	0.217927400839386	0.440863617974141
4.75	2.36039175	0.206825321980281	0.43600376604834
4.8	2.3857094	0.195858091730624	0.43021108036125
4.85	2.41102705	0.185049327249091	0.423485560912871
4.9	2.4363447	0.174422645694358	0.415827207703203
4.95	2.46166235	0.164001664225102	0.407236020732246
5	2.486980	0.153810	0.397712
5.05	2.5126935	0.14373552807042	0.385743092769946
5.1	2.538407	0.13397953263056	0.372940849458845
5.15	2.5641205	0.12456344166774	0.359305270066696
5.2	2.589834	0.11550868316928	0.344836354593501
5.25	2.6155475	0.1068366851225	0.329534103039259
5.3	2.641261	0.09856887551472	0.313398515403971
5.35	2.6669745	0.09072668233326	0.296429591687635
5.4	2.692688	0.08333153356544	0.278627331890252
5.45	2.7184015	0.07640485719858	0.259991736011822
5.5	2.744115	0.06996808122	0.240522804052346
5.55	2.7698285	0.06404263361702	0.220220536011822
5.6	2.795542	0.05864994237696	0.199084931890252
5.65	2.8212555	0.05381143548714	0.177115991687635
5.7	2.846969	0.04954854093488	0.154313715403971
5.75	2.8726825	0.0458826867075	0.130678103039259
5.8	2.898396	0.04283530079232	0.106209154593501
5.85	2.9241095	0.04042781117666	0.0809068700666964
5.9	2.949823	0.03868164584784	0.0547712494588444
5.95	2.9755365	0.03761823279318	0.0278022927699457
6	3.001250	0.037259	0.000000