0	0.000000	0.000000	0.000000
0.05	0.01410805	4.994183795625e-05	-0.00705495128623375
0.1	0.0282161	0.00019835907015	-0.0139601708581271
0.15	0.04232415	0.00044313927406875	-0.0207156587156801
0.2	0.0564322	0.0007821700272	-0.0273214148588926
0.25	0.07054025	0.00121333890703125	-0.0337774392877648
0.3	0.0846483	0.00173453349105	-0.0400837320022966
0.35	0.09875635	0.00234364135674375	-0.0462402930024879
0.4	0.1128644	0.0030385500816	-0.0522471222883389
0.45	0.12697245	0.00381714724310625	-0.0581042198598495
0.5	0.1410805	0.00467732041875	-0.0638115857170197
0.55	0.15518855	0.00561695718601875	-0.0693692198598495
0.6	0.1692966	0.0066339451224	-0.0747771222883389
0.65	0.18340465	0.00772617180538125	-0.080035293002488
0.7	0.1975127	0.00889152481245	-0.0851437320022966
0.75	0.21162075	0.0101278917210938	-0.0901024392877648
0.8	0.2257288	0.0114331601088	-0.0949114148588927
0.85	0.23983685	0.0128052175530563	-0.0995706587156801
0.9	0.2539449	0.01424195163135	-0.104080170858127
0.95	0.26805295	0.0157412499211688	-0.108439951286234
1	0.282161	0.017301	-0.112650
1.05	0.2964221	0.0189069619322635	-0.112568108084965
1.1	0.3106832	0.020511558285788	-0.112458489003092
1.15	0.3249443	0.0221143936406745	-0.112321142754381
1.2	0.3392054	0.023715072577024	-0.112156069338831
1.25	0.3534665	0.0253131996749375	-0.111963268756442
1.3	0.3677276	0.026908379514516	-0.111742741007215
1.35	0.3819887	0.0285002166758605	-0.11149448609115
1.4	0.3962498	0.030088315739072	-0.111218504008246
1.45	0.4105109	0.0316722812842515	-0.110914794758504
1.5	0.424772	0.0332517178915	-0.110583358341923
1.55	0.4390331	0.0348262301409185	-0.110224194758504
1.6	0.4532942	0.036395422612608	-0.109837304008246
1.65	0.4675553	0.0379588998866695	-0.10942268609115
1.7	0.4818164	0.039516266543204	-0.108980341007215
1.75	0.4960775	0.0410671271623125	-0.108510268756442
1.8	0.5103386	0.042611086324096	-0.108012469338831
1.85	0.5245997	0.0441477486086555	-0.107486942754381
1.9	0.5388608	0.045676718596092	-0.106933689003092
1.95	0.5531219	0.0471976008665065	-0.106352708084965
2	0.567383	0.048710	-0.105744
2.05	0.58186195	0.0502087750021586	-0.101295617274621
2.1	0.5963409	0.051643640879919	-0.096916132730861
2.15	0.61081985	0.0530155952066079	-0.0926055463687198
2.2	0.6252988	0.054325635555552	-0.0883638581881974
2.25	0.63977775	0.0555747595000781	-0.0841910681892938
2.3	0.6542567	0.056763964613513	-0.080087176372009
2.35	0.66873565	0.0578942484691834	-0.0760521827363431
2.4	0.6832146	0.058966608640416	-0.072086087282296
2.45	0.69769355	0.0599820427005376	-0.0681888900098678
2.5	0.7121725	0.060941548222875	-0.0643605909190584
2.55	0.72665145	0.0618461227807549	-0.0606011900098678
2.6	0.7411304	0.062696763947504	-0.056910687282296
2.65	0.75560935	0.0634944692964491	-0.0532890827363431
2.7	0.7700883	0.064240236400917	-0.049736376372009
2.75	0.78456725	0.0649350628342344	-0.0462525681892938
2.8	0.7990462	0.065579946169728	-0.0428376581881973
2.85	0.81352515	0.0661758839807246	-0.0394916463687198
2.9	0.8280041	0.066723873840551	-0.036214532730861
2.95	0.84248305	0.0672249133225339	-0.0330063172746211
3	0.856962	0.067680	-0.029867
3.05	0.87042195	0.0680499245395018	-0.0251119946896348
3.1	0.8838819	0.068356343266984	-0.0204307373066765
3.15	0.89734185	0.0686002488258623	-0.015823227851125
3.2	0.9108018	0.068782633859552	-0.0112894663229804
3.25	0.92426175	0.0689044910114688	-0.00682945272224266
3.3	0.9377217	0.068966812925028	-0.00244318704891178
3.35	0.95118165	0.0689705922436453	0.00186933069701224
3.4	0.9646416	0.068916821610736	0.0061081005155294
3.45	0.97810155	0.0688064936697158	0.0102731224066397
3.5	0.9915615	0.068640601064	0.0143643963703431
3.55	1.00502145	0.0684201364370043	0.0183819224066397
3.6	1.0184814	0.068146092432144	0.0223257005155294
3.65	1.03194135	0.0678194616928348	0.0261957306970122
3.7	1.0454013	0.067441236862492	0.0299920129510882
3.75	1.05886125	0.0670124105845313	0.0337145472777573
3.8	1.0723212	0.066533975502368	0.0373633336770196
3.85	1.08578115	0.0660069242594178	0.040938372148875
3.9	1.0992411	0.065432249499096	0.0444396626933235
3.95	1.11270105	0.0648109438648183	0.0478672053103652
4	1.126161	0.064144	0.051221
4.05	1.13989335	0.0634327844815998	0.0523584354406384
4.1	1.1536257	0.062706075231208	0.0534775303085779
4.15	1.16735805	0.0619641241079883	0.0545782846038187
4.2	1.1810904	0.061207182971104	0.0556606983263608
4.25	1.19482275	0.0604355036797188	0.056724771476204
4.3	1.2085551	0.059649338092996	0.0577705040533485
4.35	1.22228745	0.0588489380700993	0.0587978960577942
4.4	1.2360198	0.058034555470192	0.0598069474895411
4.45	1.24975215	0.0572064421524378	0.0607976583485893
4.5	1.2634845	0.056364849976	0.0617700286349387
4.55	1.27721685	0.0555100308000422	0.0627240583485893
4.6	1.2909492	0.054642236483728	0.0636597474895411
4.65	1.30468155	0.0537617188862207	0.0645770960577942
4.7	1.3184139	0.052868729866684	0.0654761040533485
4.75	1.33214625	0.0519635212842812	0.066356771476204
4.8	1.3458786	0.051046344998176	0.0672190983263608
4.85	1.35961095	0.0501174528675317	0.0680630846038188
4.9	1.3733433	0.049177096751512	0.068888730308578
4.95	1.38707565	0.0482255285092802	0.0696960354406384
5	1.400808	0.047263	0.070485
5.05	1.4146794	0.0463069353698275	0.0673549674450668
5.1	1.4285508	0.04539457648102	0.0641834383169687
5.15	1.4424222	0.0445264989491425	0.0609704126157057
5.2	1.4562936	0.04370327838976	0.0577158903412777
5.25	1.470165	0.0429254904184375	0.0544198714936848
5.3	1.4840364	0.04219371065074	0.051082356072927
5.35	1.4979078	0.0415085147022325	0.0477033440790043
5.4	1.5117792	0.04087047818848	0.0442828355119166
5.45	1.5256506	0.0402801767250475	0.040820830371664
5.5	1.539522	0.0397381859275	0.0373173286582464
5.55	1.5533934	0.0392450814114025	0.033772330371664
5.6	1.5672648	0.03880143879232	0.0301858355119166
5.65	1.5811362	0.0384078336858175	0.0265578440790043
5.7	1.5950076	0.03806484170746	0.022888356072927
5.75	1.608879	0.0377730384728125	0.0191773714936848
5.8	1.6227504	0.03753299959744	0.0154248903412777
5.85	1.6366218	0.0373453006969075	0.0116309126157057
5.9	1.6504932	0.03721051738678	0.00779543831696872
5.95	1.6643646	0.0371292252826225	0.00391846744506683
6	1.678236	0.037102	0.000000