0	0.000000	0.000000	0.000000
0.05	0.0263541	0.000278056763024	-0.0210044771459469
0.1	0.0527082	0.001101989312512	-0.0414262514344258
0.15	0.0790623	0.002456441039088	-0.0612653228654365
0.2	0.1054164	0.004326055333376	-0.0805216914389791
0.25	0.1317705	0.006695475586	-0.0991953571550537
0.3	0.1581246	0.009549345187584	-0.11728632001366
0.35	0.1844787	0.012872307528752	-0.134794580014798
0.4	0.2108328	0.016649006000128	-0.151720137158469
0.45	0.2371869	0.020864083992336	-0.168062991444671
0.5	0.263541	0.025502184896	-0.183823142873405
0.55	0.2898951	0.030547952101744	-0.199000591444671
0.6	0.3162492	0.035986029000192	-0.213595337158469
0.65	0.3426033	0.041801058981968	-0.227607380014798
0.7	0.3689574	0.047977685437696	-0.24103672001366
0.75	0.3953115	0.054500551758	-0.253883357155054
0.8	0.4216656	0.061354301333504	-0.266147291438979
0.85	0.4480197	0.068523577554832	-0.277828522865437
0.9	0.4743738	0.075993023812608	-0.288927051434426
0.95	0.5007279	0.083747283497456	-0.299442877145947
1	0.527082	0.091771	-0.309376
1.05	0.5537622	0.100053482328004	-0.31144211213754
1.1	0.5804424	0.108386849159392	-0.313190401944813
1.15	0.6071226	0.116762620930828	-0.314620869421818
1.2	0.6338028	0.125172318078976	-0.315733514568556
1.25	0.660483	0.1336074610405	-0.316528337385027
1.3	0.6871632	0.142059570252064	-0.31700533787123
1.35	0.7138434	0.150520166150332	-0.317164516027166
1.4	0.7405236	0.158980769171968	-0.317005871852835
1.45	0.7672038	0.167432899753636	-0.316529405348236
1.5	0.793884	0.175868078332	-0.315735116513369
1.55	0.8205642	0.184277825343724	-0.314623005348236
1.6	0.8472444	0.192653661225472	-0.313193071852835
1.65	0.8739246	0.200987106413908	-0.311445316027166
1.7	0.9006048	0.209269681345696	-0.30937973787123
1.75	0.927285	0.2174929064575	-0.306996337385027
1.8	0.9539652	0.225648302185984	-0.304295114568556
1.85	0.9806454	0.233727388967812	-0.301276069421818
1.9	1.0073256	0.241721687239648	-0.297939201944813
1.95	1.0340058	0.249622717438156	-0.29428451213754
2	1.060686	0.257422	-0.290312
2.05	1.0876785	0.265080094254125	-0.277116168116143
2.1	1.114671	0.272382348975	-0.263946192220061
2.15	1.1416635	0.279329462080375	-0.250802072311753
2.2	1.168656	0.285922131488	-0.23768380839122
2.25	1.1956485	0.292161055115625	-0.224591400458461
2.3	1.222641	0.298046930881	-0.211524848513476
2.35	1.2496335	0.303580456701875	-0.198484152556266
2.4	1.276626	0.308762330496	-0.18546931258683
2.45	1.3036185	0.313593250181125	-0.172480328605168
2.5	1.330611	0.318073913675	-0.159517200611281
2.55	1.3576035	0.322205018895375	-0.146579928605168
2.6	1.384596	0.32598726376	-0.13366851258683
2.65	1.4115885	0.329421346186625	-0.120782952556266
2.7	1.438581	0.332507964093	-0.107923248513476
2.75	1.4655735	0.335247815396875	-0.0950894004584608
2.8	1.492566	0.337641598016	-0.0822814083912198
2.85	1.5195585	0.339690009868125	-0.0694992723117533
2.9	1.546551	0.341393748871	-0.0567429922200611
2.95	1.5735435	0.342753512942375	-0.0440125681161434
3	1.600536	0.343770	-0.031308
3.05	1.6241928	0.344354690179202	-0.0181542473523892
3.1	1.6478496	0.344630419067056	-0.00518770550979003
3.15	1.6715064	0.344601615472134	0.00759162552779745
3.2	1.6951632	0.344272708203008	0.0201837457603733
3.25	1.71882	0.34364812606825	0.0325886551879374
3.3	1.7424768	0.342732297876432	0.0448063538104899
3.35	1.7661336	0.341529652436126	0.0568368416280308
3.4	1.7897904	0.340044618555904	0.0686801186405599
3.45	1.8134472	0.338281625044338	0.0803361848480774
3.5	1.837104	0.33624510071	0.0918050402505832
3.55	1.8607608	0.333939474361462	0.103086684848077
3.6	1.8844176	0.331369174807296	0.11418111864056
3.65	1.9080744	0.328538630856074	0.125088341628031
3.7	1.9317312	0.325452271316368	0.13580835381049
3.75	1.955388	0.32211452499675	0.146341155187937
3.8	1.9790448	0.318529820705792	0.156686745760373
3.85	2.0027016	0.314702587252066	0.166845125527797
3.9	2.0263584	0.310637253444144	0.17681629449021
3.95	2.0500152	0.306338248090598	0.186600252647611
4	2.073672	0.301810	0.196197
4.05	2.0976074	0.297060765262779	0.200596697041746
4.1	2.1215428	0.292209382871792	0.204732278605413
4.15	2.1454782	0.287262174536653	0.208603744691002
4.2	2.1694136	0.282225461966976	0.212211095298512
4.25	2.193349	0.277105566872375	0.215554330427944
4.3	2.2172844	0.271908810962464	0.218633450079297
4.35	2.2412198	0.266641515946857	0.221448454252572
4.4	2.2651552	0.261310003535168	0.223999342947768
4.45	2.2890906	0.255920595437011	0.226286116164886
4.5	2.313026	0.250479613362	0.228308773903925
4.55	2.3369614	0.244993379019749	0.230067316164886
4.6	2.3608968	0.239468214119872	0.231561742947768
4.65	2.3848322	0.233910440371983	0.232792054252572
4.7	2.4087676	0.228326379485696	0.233758250079297
4.75	2.432703	0.222722353170625	0.234460330427944
4.8	2.4566384	0.217104683136384	0.234898295298512
4.85	2.4805738	0.211479691092587	0.235072144691002
4.9	2.5045092	0.205853698748848	0.234981878605413
4.95	2.5284446	0.200233027814781	0.234627497041746
5	2.552380	0.194624	0.234009
5.05	2.57651175	0.189092257616111	0.224415798636366
5.1	2.6006435	0.183794692369085	0.214600781626799
5.15	2.62477525	0.178736657058637	0.204563948971298
5.2	2.648907	0.17392350448448	0.194305300669864
5.25	2.67303875	0.169360587446328	0.183824836722497
5.3	2.6971705	0.165053258743895	0.173122557129197
5.35	2.72130225	0.161006871176894	0.162198461889963
5.4	2.745434	0.15722677754504	0.151052551004796
5.45	2.76956575	0.153718330648046	0.139684824473696
5.5	2.7936975	0.150486883285625	0.128095282296663
5.55	2.81782925	0.147537788257492	0.116283924473696
5.6	2.841961	0.14487639836336	0.104250751004796
5.65	2.86609275	0.142508066402943	0.0919957618899633
5.7	2.8902245	0.140438145175955	0.0795189571291969
5.75	2.91435625	0.138671987482109	0.0668203367224973
5.8	2.938488	0.13721494612112	0.0538999006698643
5.85	2.96261975	0.136072373892701	0.0407576489712981
5.9	2.9867515	0.135249623596565	0.0273935816267987
5.95	3.01088325	0.134752048032427	0.013807698636366
6	3.035015	0.134585	0.000000