0	0.000000	0.000000	0.000000
0.05	0.02351215	0.000335766576655	-0.0283982309174193
0.1	0.0470243	0.00132774755364	-0.0558191743698471
0.15	0.07053645	0.002952964801485	-0.0822628303572834
0.2	0.0940486	0.00518844019072	-0.107729198879728
0.25	0.11756075	0.008011195591875	-0.132218279937181
0.3	0.1410729	0.01139825287548	-0.155730073529643
0.35	0.16458505	0.015326633912065	-0.178264579657113
0.4	0.1880972	0.01977336057216	-0.199821798319592
0.45	0.21160935	0.024715454726295	-0.22040172951708
0.5	0.2351215	0.030129938245	-0.240004373249575
0.55	0.25863365	0.035993832998805	-0.25862972951708
0.6	0.2821458	0.04228416085824	-0.276277798319592
0.65	0.30565795	0.048977943693835	-0.292948579657114
0.7	0.3291701	0.05605220337612	-0.308642073529643
0.75	0.35268225	0.063483961775625	-0.323358279937181
0.8	0.3761944	0.07125024076288	-0.337097198879728
0.85	0.39970655	0.079328062208415	-0.349858830357283
0.9	0.4232187	0.08769444798276	-0.361643174369847
0.95	0.44673085	0.096326419956445	-0.372450230917419
1	0.470243	0.105201	-0.382280
1.05	0.49388285	0.114271383620741	-0.385000046042964
1.1	0.5175227	0.12339892258683	-0.387115508291931
1.15	0.54116255	0.132569324628064	-0.388626386746902
1.2	0.5648024	0.14176829747424	-0.389532681407877
1.25	0.58844225	0.150981548855156	-0.389834392274856
1.3	0.6120821	0.16019478650061	-0.389531519347839
1.35	0.63572195	0.169393718140399	-0.388624062626825
1.4	0.6593618	0.17856405150432	-0.387112022111815
1.45	0.68300165	0.187691494322171	-0.38499539780281
1.5	0.7066415	0.19676175432375	-0.382274189699808
1.55	0.73028135	0.205760539238854	-0.37894839780281
1.6	0.7539212	0.21467355679728	-0.375018022111815
1.65	0.77756105	0.223486514728826	-0.370483062626825
1.7	0.8012009	0.23218512076329	-0.365343519347838
1.75	0.82484075	0.240755082630469	-0.359599392274856
1.8	0.8484806	0.24918210806016	-0.353250681407877
1.85	0.87212045	0.257451904782161	-0.346297386746902
1.9	0.8957603	0.26555018052627	-0.338739508291931
1.95	0.91940015	0.273462643022284	-0.330577046042963
2	0.943040	0.281175	-0.321810
2.05	0.9669372	0.288670663159003	-0.305526079493372
2.1	0.9908344	0.295777934535464	-0.289304787461125
2.15	1.0147316	0.302498310774561	-0.273146123903261
2.2	1.0386288	0.308833288521472	-0.257050088819778
2.25	1.062526	0.314784364421375	-0.241016682210677
2.3	1.0864232	0.320353035119448	-0.225045904075959
2.35	1.1103204	0.325540797260869	-0.209137754415622
2.4	1.1342176	0.330349147490816	-0.193292233229667
2.45	1.1581148	0.334779582454467	-0.177509340518094
2.5	1.182012	0.338833598797	-0.161789076280903
2.55	1.2059092	0.342512693163593	-0.146131440518094
2.6	1.2298064	0.345818362199424	-0.130536433229667
2.65	1.2537036	0.348752102549671	-0.115004054415622
2.7	1.2776008	0.351315410859512	-0.0995343040759586
2.75	1.301498	0.353509783774125	-0.0841271822106773
2.8	1.3253952	0.355336717938688	-0.068782688819778
2.85	1.3492924	0.356797709998379	-0.0535008239032606
2.9	1.3731896	0.357894256598376	-0.0382815874611252
2.95	1.3970868	0.358627854383857	-0.0231249794933716
3	1.420984	0.359000	-0.008031
3.05	1.44370935	0.359003567256696	0.00765798062941273
3.1	1.4664347	0.358654624384529	0.0229925159294136
3.15	1.48916005	0.357961226277665	0.0379726059000026
3.2	1.5118854	0.356931427830272	0.0525982505411797
3.25	1.53461075	0.355573283936516	0.066869449852945
3.3	1.5573361	0.353894849490563	0.0807862038352984
3.35	1.58006145	0.351904179386581	0.0943485124882399
3.4	1.6027868	0.349609328518736	0.10755637581177
3.45	1.62551215	0.347018351781195	0.120409793805887
3.5	1.6482375	0.344139304068125	0.132908766470593
3.55	1.67096285	0.340980240273692	0.145053293805887
3.6	1.6936882	0.337549215292064	0.15684337581177
3.65	1.71641355	0.333854284017407	0.16827901248824
3.7	1.7391389	0.329903501343887	0.179360203835298
3.75	1.76186425	0.325704922165672	0.190086949852945
3.8	1.7845896	0.321266601376928	0.20045925054118
3.85	1.80731495	0.316596593871822	0.210477105900003
3.9	1.8300403	0.311702954544521	0.220140515929414
3.95	1.85276565	0.306593738289191	0.229449480629413
4	1.875491	0.301277	0.238404
4.05	1.898355	0.29576826656708	0.243406275453114
4.1	1.921219	0.29014923129184	0.248052516648006
4.15	1.944083	0.28442803454156	0.252342723584675
4.2	1.966947	0.27861281668352	0.256276896263121
4.25	1.989811	0.272711718085	0.259855034683345
4.3	2.012675	0.26673287911328	0.263077138845346
4.35	2.035539	0.26068444013564	0.265943208749125
4.4	2.058403	0.25457454151936	0.268453244394682
4.45	2.081267	0.24841132363172	0.270607245782015
4.5	2.104131	0.24220292684	0.272405212911127
4.55	2.126995	0.23595749151148	0.273847145782015
4.6	2.149859	0.22968315801344	0.274933044394682
4.65	2.172723	0.22338806671316	0.275662908749125
4.7	2.195587	0.21708035797792	0.276036738845346
4.75	2.218451	0.210768172175	0.276054534683345
4.8	2.241315	0.20445964967168	0.275716296263121
4.85	2.264179	0.19816293083524	0.275022023584675
4.9	2.287043	0.19188615603296	0.273971716648006
4.95	2.309907	0.18563746563212	0.272565375453114
5	2.332771	0.179425	0.270803
5.05	2.3556106	0.173288115190583	0.2664261086241
5.1	2.3784502	0.167262211837944	0.261084663708822
5.15	2.4012898	0.161369319959101	0.254778665254164
5.2	2.4241294	0.155631469571072	0.247508113260127
5.25	2.446969	0.150070690690875	0.239273007726712
5.3	2.4698086	0.144709013335528	0.230073348653917
5.35	2.4926482	0.139568467522049	0.219909136041743
5.4	2.5154878	0.134671083267456	0.208780369890191
5.45	2.5383274	0.130038890588767	0.196687050199259
5.5	2.561167	0.125693919503	0.183629176968949
5.55	2.5840066	0.121658200027173	0.169606750199259
5.6	2.6068462	0.117953762178304	0.154619769890191
5.65	2.6296858	0.114602635973411	0.138668236041743
5.7	2.6525254	0.111626851429512	0.121752148653917
5.75	2.675365	0.109048438563625	0.103871507726712
5.8	2.6982046	0.106889427392768	0.0850263132601272
5.85	2.7210442	0.105171847933959	0.0652165652541639
5.9	2.7438838	0.103917730204216	0.0444422637088215
5.95	2.7667234	0.103149104220557	0.0227034086241002
6	2.789563	0.102888	0.000000