0	0.000000	0.000000	0.000000
0.05	0.0326624	0.000320531691184	-0.0196503191079651
0.1	0.0653248	0.001285179566592	-0.0394408362045655
0.15	0.0979872	0.002898522829008	-0.0593715512898011
0.2	0.1306496	0.005165140681216	-0.079442464363672
0.25	0.163312	0.008089612326	-0.0996535754261781
0.3	0.1959744	0.011676516966144	-0.120004884477319
0.35	0.2286368	0.015930433804432	-0.140496391517096
0.4	0.2612992	0.020855942043648	-0.161128096545508
0.45	0.2939616	0.026457620886576	-0.181899999562555
0.5	0.326624	0.032740049536	-0.202812100568237
0.55	0.3592864	0.039707807194704	-0.223864399562555
0.6	0.3919488	0.047365473065472	-0.245056896545508
0.65	0.4246112	0.055717626351088	-0.266389591517096
0.7	0.4572736	0.064768846254336	-0.287862484477319
0.75	0.489936	0.074523711978	-0.309475575426178
0.8	0.5225984	0.084986802724864	-0.331228864363672
0.85	0.5552608	0.096162697697712	-0.353122351289801
0.9	0.5879232	0.108055976099328	-0.375156036204565
0.95	0.6205856	0.120671217132496	-0.397329919107965
1	0.653248	0.134013	-0.419644
1.05	0.68569295	0.14780611617751	-0.430424684333883
1.1	0.7181379	0.161931621933473	-0.4401334492642
1.15	0.75058285	0.176354738896435	-0.44877029479095
1.2	0.7830278	0.191040688694944	-0.456335220914133
1.25	0.81547275	0.205954692957547	-0.46282822763375
1.3	0.8479177	0.221061973312791	-0.4682493149498
1.35	0.88036265	0.236327751389224	-0.472598482862283
1.4	0.9128076	0.251717248815392	-0.4758757313712
1.45	0.94525255	0.267195687219843	-0.47808106047655
1.5	0.9776975	0.282728288231125	-0.479214470178333
1.55	1.01014245	0.298280273477784	-0.47927596047655
1.6	1.0425874	0.313816864588368	-0.4782655313712
1.65	1.07503235	0.329303283191424	-0.476183182862283
1.7	1.1074773	0.344704750915499	-0.4730289149498
1.75	1.13992225	0.359986489389141	-0.46880272763375
1.8	1.1723672	0.375113720240896	-0.463504620914133
1.85	1.20481215	0.390051665099312	-0.45713459479095
1.9	1.2372571	0.404765545592937	-0.4496926492642
1.95	1.26970205	0.419220583350317	-0.441178784333883
2	1.302147	0.433382	-0.431593
2.05	1.33432	0.44697415452499	-0.413297357449414
2.1	1.366493	0.45997272860292	-0.394693708851521
2.15	1.398666	0.47236781275523	-0.375782054206322
2.2	1.430839	0.48414949750336	-0.356562393513816
2.25	1.463012	0.49530787336875	-0.337034726774003
2.3	1.495185	0.50583303087284	-0.317199053986883
2.35	1.527358	0.51571506053707	-0.297055375152457
2.4	1.559531	0.52494405288288	-0.276603690270724
2.45	1.591704	0.53351009843171	-0.255843999341684
2.5	1.623877	0.541403287705	-0.234776302365337
2.55	1.65605	0.54861371122419	-0.213400599341684
2.6	1.688223	0.55513145951072	-0.191716890270724
2.65	1.720396	0.56094662308603	-0.169725175152457
2.7	1.752569	0.56604929247156	-0.147425453986883
2.75	1.784742	0.57042955818875	-0.124817726774003
2.8	1.816915	0.57407751075904	-0.101901993513816
2.85	1.849088	0.57698324070387	-0.0786782542063221
2.9	1.881261	0.57913683854468	-0.0551465088515215
2.95	1.913434	0.58052839480291	-0.0313067574494141
3	1.945607	0.581148	-0.007159
3.05	1.9726985	0.581071785162387	0.0127036471277892
3.1	1.99979	0.5804641120228	0.0320753208737058
3.15	2.0268815	0.579338281786613	0.0509560212377499
3.2	2.053973	0.5777075956592	0.0693457482199214
3.25	2.0810645	0.575585354845938	0.0872445018202204
3.3	2.108156	0.5729848605522	0.104652282038647
3.35	2.1352475	0.569919413983363	0.121569088875201
3.4	2.162339	0.5664023163448	0.137994922329882
3.45	2.1894305	0.562446868841888	0.153929782402691
3.5	2.216522	0.55806637268	0.169373669093627
3.55	2.2436135	0.553274129064512	0.184326582402691
3.6	2.270705	0.5480834392008	0.198788522329882
3.65	2.2977965	0.542507604294237	0.212759488875201
3.7	2.324888	0.5365599255502	0.226239482038647
3.75	2.3519795	0.530253704174062	0.23922850182022
3.8	2.379071	0.5236022413712	0.251726548219921
3.85	2.4061625	0.516618838346988	0.26373362123775
3.9	2.433254	0.5093167963068	0.275249720873706
3.95	2.4603455	0.501709416456013	0.286274847127789
4	2.487437	0.493810	0.296809
4.05	2.51464525	0.485688465482651	0.300098614500519
4.1	2.5418535	0.47748419860896	0.302890416948352
4.15	2.56906175	0.469210743973709	0.305184407343499
4.2	2.59627	0.46088164617168	0.306980585685959
4.25	2.62347825	0.452510449797656	0.308278951975734
4.3	2.6506865	0.44411069944642	0.309079506212822
4.35	2.67789475	0.435695939712754	0.309382248397223
4.4	2.705103	0.42727971519144	0.309187178528939
4.45	2.73231125	0.418875570477261	0.308494296607968
4.5	2.7595195	0.410497050165	0.307303602634311
4.55	2.78672775	0.402157698849439	0.305615096607968
4.6	2.813936	0.39387106112536	0.303428778528939
4.65	2.84114425	0.385650681587546	0.300744648397223
4.7	2.8683525	0.37751010483078	0.297562706212822
4.75	2.89556075	0.369462875449844	0.293882951975734
4.8	2.922769	0.36152253803952	0.289705385685959
4.85	2.94997725	0.353702637194591	0.285030007343499
4.9	2.9771855	0.34601671750984	0.279856816948352
4.95	3.00439375	0.338478323580049	0.274185814500519
5	3.031602	0.331101	0.268017
5.05	3.0588546	0.323961627764984	0.255901089293003
5.1	3.0861072	0.317154288647396	0.243649921818322
5.15	3.1133598	0.310682668745821	0.231263497575956
5.2	3.1406124	0.304550454158848	0.218741816565906
5.25	3.167865	0.298761330985062	0.206084878788171
5.3	3.1951176	0.293318985323052	0.193292684242751
5.35	3.2223702	0.288227103271403	0.180365232929647
5.4	3.2496228	0.283489370928704	0.167302524848858
5.45	3.2768754	0.279109474393541	0.154104560000385
5.5	3.304128	0.2750910997645	0.140771338384227
5.55	3.3313806	0.27143793314017	0.127302860000385
5.6	3.3586332	0.268153660619136	0.113699124848858
5.65	3.3858858	0.265241968299986	0.099960132929647
5.7	3.4131384	0.262706542281308	0.0860858842427511
5.75	3.440391	0.260551068661687	0.0720763787881706
5.8	3.4676436	0.258779233539712	0.0579316165659056
5.85	3.4948962	0.257394723013968	0.043651597575956
5.9	3.5221488	0.256401223183044	0.0292363218183219
5.95	3.5494014	0.255802420145526	0.0146857892930032
6	3.576654	0.255602	0.000000