0	0.000000	0.000000	0.000000
0.05	0.0266213	0.000432166250141	-0.0323975612627107
0.1	0.0532426	0.001721195790008	-0.0643742634451361
0.15	0.0798639	0.003855884803767	-0.0959301065472761
0.2	0.1064852	0.006825029475584	-0.127065090569131
0.25	0.1331065	0.010617425989625	-0.1577792155107
0.3	0.1597278	0.015221870530056	-0.188072481371984
0.35	0.1863491	0.020627159281043	-0.217944888152983
0.4	0.2129704	0.026822088426752	-0.247396435853696
0.45	0.2395917	0.033795454151349	-0.276427124474124
0.5	0.266213	0.041536052639	-0.305036954014267
0.55	0.2928343	0.050032680073871	-0.333225924474124
0.6	0.3194556	0.059274132640128	-0.360994035853696
0.65	0.3460769	0.069249206521937	-0.388341288152983
0.7	0.3726982	0.079946697903464	-0.415267681371984
0.75	0.3993195	0.091355402968875	-0.4417732155107
0.8	0.4259408	0.103464117902336	-0.467857890569131
0.85	0.4525621	0.116261638888013	-0.493521706547276
0.9	0.4791834	0.129736762110072	-0.518764663445136
0.95	0.5058047	0.143878283752679	-0.543586761262711
1	0.532426	0.158675	-0.567988
1.05	0.5592042	0.174076141309814	-0.582018195950512
1.1	0.5859824	0.189831425903152	-0.594438118643075
1.15	0.6127606	0.205897733560658	-0.60524776807769
1.2	0.6395388	0.222231944062976	-0.614447144254356
1.25	0.666317	0.23879093719075	-0.622036247173073
1.3	0.6930952	0.255531592724624	-0.628015076833842
1.35	0.7198734	0.272410790445242	-0.632383633236662
1.4	0.7466516	0.289385410133248	-0.635141916381534
1.45	0.7734298	0.306412331569286	-0.636289926268457
1.5	0.800208	0.323448434534	-0.635827662897431
1.55	0.8269862	0.340450598808034	-0.633755126268457
1.6	0.8537644	0.357375704172032	-0.630072316381534
1.65	0.8805426	0.374180630406638	-0.624779233236663
1.7	0.9073208	0.390822257292496	-0.617875876833842
1.75	0.934099	0.40725746461025	-0.609362247173074
1.8	0.9608772	0.423443132140544	-0.599238344254356
1.85	0.9876554	0.439336139664022	-0.58750416807769
1.9	1.0144336	0.454893366961328	-0.574159718643076
1.95	1.0412118	0.470071693813106	-0.559204995950512
2	1.067990	0.484828	-0.542640
2.05	1.0947274	0.499041172531496	-0.520443215713551
2.1	1.1214648	0.512654069089292	-0.497738403457255
2.15	1.1482022	0.525653106326345	-0.474525563231111
2.2	1.1749396	0.538024700895616	-0.450804695035119
2.25	1.201677	0.549755269450062	-0.42657579886928
2.3	1.2284144	0.560831228642644	-0.401838874733594
2.35	1.2551518	0.571238995126319	-0.37659392262806
2.4	1.2818892	0.580964985554048	-0.350840942552679
2.45	1.3086266	0.589995616578789	-0.32457993450745
2.5	1.335364	0.5983173048535	-0.297810898492374
2.55	1.3621014	0.605916467031141	-0.27053383450745
2.6	1.3888388	0.612779519764672	-0.242748742552679
2.65	1.4155762	0.61889287970705	-0.21445562262806
2.7	1.4423136	0.624242963511236	-0.185654474733594
2.75	1.469051	0.628816187830187	-0.15634529886928
2.8	1.4957884	0.632598969316864	-0.126528095035119
2.85	1.5225258	0.635577724624224	-0.0962028632311107
2.9	1.5492632	0.637738870405228	-0.0653696034572546
2.95	1.5760006	0.639068823312833	-0.0340283157135512
3	1.602738	0.639554	-0.002179
3.05	1.6286842	0.63921372107177	0.0283231345090995
3.1	1.6546304	0.63808867840212	0.0583126127540834
3.15	1.6805766	0.63619217347301	0.0877894347349514
3.2	1.7065228	0.6335375077664	0.116753600451704
3.25	1.732469	0.63013798276425	0.14520510990434
3.3	1.7584152	0.62600689994852	0.173143963092861
3.35	1.7843614	0.62115756080117	0.200570160017266
3.4	1.8103076	0.61560326680416	0.227483700677556
3.45	1.8362538	0.60935731943945	0.253884585073729
3.5	1.8622	0.602433020189	0.279772813205787
3.55	1.8881462	0.59484367053477	0.305148385073729
3.6	1.9140924	0.58660257195872	0.330011300677556
3.65	1.9400386	0.57772302594281	0.354361560017266
3.7	1.9659848	0.568218333969	0.378199163092861
3.75	1.991931	0.55810179751925	0.40152410990434
3.8	2.0178772	0.54738671807552	0.424336400451704
3.85	2.0438234	0.53608639711977	0.446636034734951
3.9	2.0697696	0.52421413613396	0.468423012754083
3.95	2.0957158	0.51178323660005	0.4896973345091
4	2.121662	0.498807	0.510459
4.05	2.14770095	0.48530833678151	0.526090450854628
4.1	2.1737399	0.471422648336737	0.540185638461401
4.15	2.19977885	0.45718993734758	0.552744562820318
4.2	2.2258178	0.442650206495936	0.56376722393138
4.25	2.25185675	0.427843458463703	0.573253621794586
4.3	2.2778957	0.412809695932779	0.581203756409936
4.35	2.30393465	0.397588921585061	0.587617627777431
4.4	2.3299736	0.382221138102448	0.59249523589707
4.45	2.35601255	0.366746348166837	0.595836580768853
4.5	2.3820515	0.351204554460125	0.597641662392781
4.55	2.40809045	0.335635759664211	0.597910480768854
4.6	2.4341294	0.320079966460992	0.59664303589707
4.65	2.46016835	0.304577177532366	0.593839327777431
4.7	2.4862073	0.289167395560231	0.589499356409936
4.75	2.51224625	0.273890623226484	0.583623121794586
4.8	2.5382852	0.258786863213024	0.57621062393138
4.85	2.56432415	0.243896118201748	0.567261862820319
4.9	2.5903631	0.229258390874553	0.556776838461401
4.95	2.61640205	0.214913683913338	0.544755550854628
5	2.642441	0.200902	0.531198
5.05	2.66855145	0.187308146265762	0.509966237518819
5.1	2.6946619	0.174275985513058	0.48817361845671
5.15	2.72077235	0.161820161959601	0.465820142813672
5.2	2.7468828	0.149955319823104	0.442905810589706
5.25	2.77299325	0.138696103321281	0.419430621784812
5.3	2.7991037	0.128057156671846	0.39539457639899
5.35	2.82521415	0.118053124092512	0.370797674432239
5.4	2.8513246	0.108698649800992	0.34563991588456
5.45	2.87743505	0.100008378015	0.319921300755952
5.5	2.9035455	0.09199695295225	0.293641829046416
5.55	2.92965595	0.0846790188304547	0.266801500755952
5.6	2.9557664	0.078069219867328	0.23940031588456
5.65	2.98187685	0.0721822002805832	0.211438274432239
5.7	3.0079873	0.067032604287934	0.18291537639899
5.75	3.03409775	0.0626350761070937	0.153831621784812
5.8	3.0602082	0.059004259955776	0.124187010589706
5.85	3.08631865	0.0561548000516942	0.0939815428136723
5.9	3.1124291	0.054101340612562	0.0632152184567099
5.95	3.13853955	0.0528585258560927	0.0318880375188191
6	3.164650	0.052441	0.000000