0	0.000000	0.000000	0.000000
0.05	0.0237209	0.00033047904081575	-0.027790564905305
0.1	0.0474418	0.001314952680986	-0.0551407913995253
0.15	0.0711627	0.00294297569709525	-0.0820506794826609
0.2	0.0948836	0.005204102865728	-0.108520229154712
0.25	0.1186045	0.00808788896346875	-0.134549440415678
0.3	0.1423254	0.011583888766902	-0.160138313265559
0.35	0.1660463	0.0156816570526122	-0.185286847704356
0.4	0.1897672	0.020370748597184	-0.209995043732068
0.45	0.2134881	0.0256407181772018	-0.234262901348695
0.5	0.237209	0.03148112056925	-0.258090420554237
0.55	0.2609299	0.0378815105499133	-0.281477601348695
0.6	0.2846508	0.044831442895776	-0.304424443732068
0.65	0.3083717	0.0523204723834228	-0.326930947704356
0.7	0.3320926	0.060338153789438	-0.348997113265559
0.75	0.3558135	0.0688740418904063	-0.370622940415678
0.8	0.3795344	0.077917691462912	-0.391808429154712
0.85	0.4032553	0.0874586572835398	-0.412553579482661
0.9	0.4269762	0.097486494128874	-0.432858391399525
0.95	0.4506971	0.107990756775499	-0.452722864905305
1	0.474418	0.118961	-0.472147
1.05	0.49838255	0.130425929681409	-0.484443242191169
1.1	0.5223471	0.142168719250673	-0.495336243099057
1.15	0.54631165	0.154155740661896	-0.504826002723664
1.2	0.5702762	0.166353365869184	-0.51291252106499
1.25	0.59424075	0.178727966826641	-0.519595798123035
1.3	0.6182053	0.191245915488371	-0.524875833897799
1.35	0.64216985	0.20387358380848	-0.528752628389282
1.4	0.6661344	0.216577343741072	-0.531226181597485
1.45	0.69009895	0.229323567240252	-0.532296493522406
1.5	0.7140635	0.242078626260125	-0.531963564164046
1.55	0.73802805	0.254808892754795	-0.530227393522406
1.6	0.7619926	0.267480738678368	-0.527087981597485
1.65	0.78595715	0.280060535984948	-0.522545328389282
1.7	0.8099217	0.292514656628639	-0.516599433897799
1.75	0.83388625	0.304809472563547	-0.509250298123035
1.8	0.8578508	0.316911355743776	-0.50049792106499
1.85	0.88181535	0.328786678123431	-0.490342302723664
1.9	0.9057799	0.340401811656617	-0.478783443099057
1.95	0.92974445	0.351723128297438	-0.465821342191169
2	0.953709	0.362717	-0.451456
2.05	0.9776767	0.373333189420279	-0.43433291135498
2.1	1.0016444	0.383532809939214	-0.41669514256733
2.15	1.0256121	0.39330352585755	-0.398542693637051
2.2	1.0495798	0.402633001476032	-0.379875564564143
2.25	1.0735475	0.411508901095406	-0.360693755348605
2.3	1.0975152	0.419918889016418	-0.340997265990437
2.35	1.1214829	0.427850629539813	-0.32078609648964
2.4	1.1454506	0.435291786966336	-0.300060246846214
2.45	1.1694183	0.442230025596733	-0.278819717060158
2.5	1.193386	0.44865300973175	-0.257064507131473
2.55	1.2173537	0.454548403672132	-0.234794617060158
2.6	1.2413214	0.459903871718624	-0.212010046846214
2.65	1.2652891	0.464707078171972	-0.18871079648964
2.7	1.2892568	0.468945687332922	-0.164896865990437
2.75	1.3132245	0.472607363502219	-0.140568255348605
2.8	1.3371922	0.475679770980608	-0.115724964564143
2.85	1.3611599	0.478150574068835	-0.0903669936370511
2.9	1.3851276	0.480007437067646	-0.0644943425673302
2.95	1.4090953	0.481238024277786	-0.0381070113549798
3	1.433063	0.481830	-0.011205
3.05	1.45458935	0.481819206920486	0.0121304968857876
3.1	1.4761157	0.481311076535007	0.0350023046257029
3.15	1.49764205	0.480315590378409	0.0574104232197457
3.2	1.5191684	0.478842729985536	0.0793548526679162
3.25	1.54069475	0.476902476891234	0.100835592970214
3.3	1.5622211	0.474504812630349	0.12185264412664
3.35	1.58374745	0.471659718737725	0.142406006137193
3.4	1.6052738	0.468377176748208	0.162495679001874
3.45	1.62680015	0.464667168196643	0.182121662720683
3.5	1.6483265	0.460539674617875	0.201283957293619
3.55	1.66985285	0.45600467754675	0.219982562720683
3.6	1.6913792	0.451072158518112	0.238217479001874
3.65	1.71290555	0.445752099066807	0.255988706137193
3.7	1.7344319	0.440054480727681	0.27329624412664
3.75	1.75595825	0.433989285035578	0.290140092970214
3.8	1.7774846	0.427566493525344	0.306520252667916
3.85	1.79901095	0.420796087731824	0.322436723219746
3.9	1.8205373	0.413688049189863	0.337889504625703
3.95	1.84206365	0.406252359434307	0.352878596885788
4	1.863590	0.398499	0.367404
4.05	1.88534505	0.390381076635656	0.378704241175296
4.1	1.9071001	0.382029989869055	0.388839335911087
4.15	1.92885515	0.373471087519247	0.397809284207374
4.2	1.9506102	0.36472971740528	0.405614086064155
4.25	1.97236525	0.355831227346203	0.412253741481432
4.3	1.9941203	0.346800965161065	0.417728250459204
4.35	2.01587535	0.337664278668914	0.422037612997471
4.4	2.0376304	0.3284465156888	0.425181829096233
4.45	2.05938545	0.319173024039771	0.42716089875549
4.5	2.0811405	0.309869151540875	0.427974821975243
4.55	2.10289555	0.300560246011162	0.42762359875549
4.6	2.1246506	0.29127165526968	0.426107229096233
4.65	2.14640565	0.282028727135478	0.423425712997471
4.7	2.1681607	0.272856809427605	0.419579050459204
4.75	2.18991575	0.263781249965109	0.414567241481432
4.8	2.2116708	0.25482739656704	0.408390286064156
4.85	2.23342585	0.246020597052446	0.401048184207374
4.9	2.2551809	0.237386199240375	0.392540935911087
4.95	2.27693595	0.228949550949877	0.382868541175296
5	2.298691	0.220736	0.372031
5.05	2.32048015	0.212804898564556	0.355911759081808
5.1	2.3422693	0.205227868392887	0.339531222470794
5.15	2.36405845	0.198010602896039	0.322889390166958
5.2	2.3858476	0.191158795485056	0.3059862621703
5.25	2.40763675	0.184678139570984	0.288821838480821
5.3	2.4294259	0.178574328564869	0.271396119098519
5.35	2.45121505	0.172853055877755	0.253709104023396
5.4	2.4730042	0.167520014920688	0.23576079325545
5.45	2.49479335	0.162580899104713	0.217551186794683
5.5	2.5165825	0.158041401840875	0.199080284641094
5.55	2.53837165	0.15390721654022	0.180348086794683
5.6	2.5601608	0.150184036613792	0.16135459325545
5.65	2.58194995	0.146877555472637	0.142099804023396
5.7	2.6037391	0.143993466527801	0.122583719098519
5.75	2.62552825	0.141537463190328	0.102806338480821
5.8	2.6473174	0.139515238871264	0.0827676621703002
5.85	2.66910655	0.137932486981654	0.062467690166958
5.9	2.6908957	0.136794900932543	0.0419064224707939
5.95	2.71268485	0.136108174134977	0.0210838590818079
6	2.734474	0.135878	0.000000