0	0.000000	0.000000	0.000000
0.05	0.02748205	0.000529607859045375	-0.0383981798735402
0.1	0.0549641	0.002102611360593	-0.0759328829182867
0.15	0.08244615	0.00469528039126013	-0.112604109134239
0.2	0.1099282	0.008283884837664	-0.148411858521399
0.25	0.13741025	0.0128446945864219	-0.183356131079764
0.3	0.1648923	0.018353979524151	-0.217436926809336
0.35	0.19237435	0.0247880095374686	-0.250654245710113
0.4	0.2198564	0.032123054512992	-0.283008087782098
0.45	0.24733845	0.0403353843373384	-0.314498453025288
0.5	0.2748205	0.049401268897125	-0.345125341439685
0.55	0.30230255	0.0592969780789691	-0.374888753025288
0.6	0.3297846	0.069998781769488	-0.403788687782098
0.65	0.35726665	0.0814829498552989	-0.431825145710114
0.7	0.3847487	0.093725752223019	-0.458998126809336
0.75	0.41223075	0.106703458759266	-0.485307631079764
0.8	0.4397128	0.120392339350656	-0.510753658521399
0.85	0.46719485	0.134768663883807	-0.53533620913424
0.9	0.4946769	0.149808702245337	-0.559055282918287
0.95	0.52215895	0.165488724321862	-0.58191087987354
1	0.549641	0.181785	-0.603903
1.05	0.57712465	0.198597400950939	-0.619257848524391
1.1	0.6046083	0.215808177442533	-0.632893002467267
1.15	0.63209195	0.233370065990796	-0.644808461828628
1.2	0.6595756	0.251235803111744	-0.655004226608475
1.25	0.68705925	0.269358125321391	-0.663480296806806
1.3	0.7145429	0.287689769135751	-0.670236672423623
1.35	0.74202655	0.30618347107084	-0.675273353458925
1.4	0.7695102	0.324791967642672	-0.678590339912712
1.45	0.79699385	0.343467995367262	-0.680187631784984
1.5	0.8244775	0.362164290760625	-0.680065229075742
1.55	0.85196115	0.380833590338775	-0.678223131784985
1.6	0.8794448	0.399428630617728	-0.674661339912712
1.65	0.90692845	0.417902148113498	-0.669379853458925
1.7	0.9344121	0.436206879342099	-0.662378672423623
1.75	0.96189575	0.454295560819547	-0.653657796806807
1.8	0.9893794	0.472120929061856	-0.643217226608475
1.85	1.01686305	0.489635720585041	-0.631056961828629
1.9	1.0443467	0.506792671905117	-0.617177002467267
1.95	1.07183035	0.523544519538098	-0.601577348524391
2	1.099314	0.539844	-0.584258
2.05	1.1266136	0.555537888529661	-0.565314000301946
2.1	1.1539132	0.570699849605528	-0.545288384782634
2.15	1.1812128	0.585300355548327	-0.524181153442065
2.2	1.2085124	0.599309878678784	-0.501992306280239
2.25	1.235812	0.612698891317625	-0.478721843297155
2.3	1.2631116	0.625437865785576	-0.454369764492813
2.35	1.2904112	0.637497274403363	-0.428936069867214
2.4	1.3177108	0.648847589491712	-0.402420759420358
2.45	1.3450104	0.659459283371349	-0.374823833152244
2.5	1.37231	0.669302828363	-0.346145291062873
2.55	1.3996096	0.678348696787391	-0.316385133152244
2.6	1.4269092	0.686567360965248	-0.285543359420358
2.65	1.4542088	0.693929293217297	-0.253619969867214
2.7	1.4815084	0.700404965864264	-0.220614964492813
2.75	1.508808	0.705964851226875	-0.186528343297155
2.8	1.5361076	0.710579421625856	-0.151360106280238
2.85	1.5634072	0.714219149381933	-0.115110253442065
2.9	1.5907068	0.716854506815832	-0.0777787847826342
2.95	1.6180064	0.718455966248279	-0.0393657003019458
3	1.645306	0.718994	0.000129
3.05	1.67254345	0.71852017636912	0.0345637711894423
3.1	1.6997809	0.717116551303083	0.0684027506747327
3.15	1.72701835	0.71479935264864	0.101645938455871
3.2	1.7542558	0.711584808252544	0.134293334532858
3.25	1.78149325	0.707489145961547	0.166344938905693
3.3	1.8087307	0.702528593622401	0.197800751574376
3.35	1.83596815	0.696719379081859	0.228660772538908
3.4	1.8632056	0.690077730186672	0.258925001799287
3.45	1.89044305	0.682619874783593	0.288593439355515
3.5	1.9176805	0.674362040719375	0.317666085207591
3.55	1.94491795	0.665320455840769	0.346142939355515
3.6	1.9721554	0.655511347994528	0.374024001799287
3.65	1.99939285	0.644950945027404	0.401309272538908
3.7	2.0266303	0.633655474786149	0.427998751574376
3.75	2.05386775	0.621641165117516	0.454092438905693
3.8	2.0811052	0.608924243868256	0.479590334532858
3.85	2.10834265	0.595520938885122	0.504492438455871
3.9	2.1355801	0.581447478014867	0.528798750674733
3.95	2.16281755	0.566720089104242	0.552509271189442
4	2.190055	0.551355	0.575624
4.05	2.21733425	0.535515897099508	0.585455674053631
4.1	2.2446135	0.51942306281226	0.594226519259511
4.15	2.27189275	0.503105435753603	0.60193653561764
4.2	2.299172	0.48659195453888	0.608585723128019
4.25	2.32645125	0.469911557783438	0.614174081790647
4.3	2.3537305	0.45309318410262	0.618701611605525
4.35	2.38100975	0.436165772111773	0.622168312572652
4.4	2.408289	0.41915826042624	0.624574184692028
4.45	2.43556825	0.402099587661367	0.625919227963654
4.5	2.4628475	0.3850186924325	0.626203442387529
4.55	2.49012675	0.367944513354982	0.625426827963654
4.6	2.517406	0.35090598904416	0.623589384692028
4.65	2.54468525	0.333932058115378	0.620691112572652
4.7	2.5719645	0.31705165918398	0.616732011605525
4.75	2.59924375	0.300293730865312	0.611712081790647
4.8	2.626523	0.28368721177472	0.605631323128019
4.85	2.65380225	0.267261040527547	0.59848973561764
4.9	2.6810815	0.25104415573914	0.590287319259511
4.95	2.70836075	0.235065496024842	0.581024074053631
5	2.735640	0.219354	0.570700
5.05	2.7629406	0.20412761019095	0.544717142815543
5.1	2.7902412	0.1896142350796	0.518465639018923
5.15	2.8175418	0.17582120887965	0.491945488610141
5.2	2.8448424	0.1627558658048	0.465156691589196
5.25	2.872143	0.15042554006875	0.438099247956089
5.3	2.8994436	0.1388375658852	0.41077315771082
5.35	2.9267442	0.12799927746785	0.383178420853388
5.4	2.9540448	0.1179180090304	0.355315037383794
5.45	2.9813454	0.10860109478655	0.327183007302038
5.5	3.008646	0.10005586895	0.298782330608119
5.55	3.0359466	0.09228966573445	0.270113007302038
5.6	3.0632472	0.0853098193536	0.241175037383794
5.65	3.0905478	0.07912366402115	0.211968420853388
5.7	3.1178484	0.0737385339508	0.18249315771082
5.75	3.145149	0.06916176335625	0.152749247956089
5.8	3.1724496	0.0654006864512	0.122736691589196
5.85	3.1997502	0.06246263744935	0.0924554886101406
5.9	3.2270508	0.0603549505644	0.0619056390189227
5.95	3.2543514	0.05908496001005	0.0310871428155426
6	3.281652	0.058660	0.000000