0	0.000000	0.000000	0.000000
0.05	0.0265212	0.000317000447989	-0.0238353638352337
0.1	0.0530424	0.001260568013432	-0.0472502841088639
0.15	0.0795636	0.002819552028543	-0.0702447608208904
0.2	0.1060848	0.004982801825536	-0.0928187939713135
0.25	0.132606	0.007739166736625	-0.114972383560133
0.3	0.1591272	0.011077496094024	-0.136705529587349
0.35	0.1856484	0.014986639229947	-0.158018232052961
0.4	0.2121696	0.019455445476608	-0.17891049095697
0.45	0.2386908	0.024472764166221	-0.199382306299376
0.5	0.265212	0.030027444631	-0.219433678080177
0.55	0.2917332	0.036108336203159	-0.239064606299376
0.6	0.3182544	0.042704288214912	-0.25827509095697
0.65	0.3447756	0.049804149998473	-0.277065132052961
0.7	0.3712968	0.057396770886056	-0.295434729587349
0.75	0.397818	0.065471000209875	-0.313383883560133
0.8	0.4243392	0.074015687302144	-0.330912593971314
0.85	0.4508604	0.083019681495077	-0.34802086082089
0.9	0.4773816	0.092471832120888	-0.364708684108864
0.95	0.5039028	0.102360988511791	-0.380976063835234
1	0.530424	0.112676	-0.396823
1.05	0.55683275	0.123289526477697	-0.406757275887372
1.1	0.5832415	0.134148897730075	-0.415441433260283
1.15	0.60965025	0.145221099689816	-0.422875472118734
1.2	0.636059	0.1564731182896	-0.429059392462725
1.25	0.66246775	0.167871939462109	-0.433993194292256
1.3	0.6888765	0.179384549140025	-0.437676877607327
1.35	0.71528525	0.190977933256028	-0.440110442407938
1.4	0.741694	0.2026190777428	-0.441293888694088
1.45	0.76810275	0.214274968533022	-0.441227216465778
1.5	0.7945115	0.225912591559375	-0.439910425723008
1.55	0.82092025	0.237498932754541	-0.437343516465778
1.6	0.847329	0.2490009780512	-0.433526488694088
1.65	0.87373775	0.260385713382034	-0.428459342407938
1.7	0.9001465	0.271620124679725	-0.422142077607327
1.75	0.92655525	0.282671197876953	-0.414574694292256
1.8	0.952964	0.2935059189064	-0.405757192462725
1.85	0.97937275	0.304091273700747	-0.395689572118734
1.9	1.0057815	0.314394248192675	-0.384371833260283
1.95	1.03219025	0.324381828314866	-0.371803975887372
2	1.058599	0.334021	-0.357986
2.05	1.08469975	0.343200726991549	-0.345332520535258
2.1	1.1108005	0.352043249354245	-0.332147307329962
2.15	1.13690125	0.360534688438658	-0.318430360384113
2.2	1.163002	0.36866116559536	-0.30418167969771
2.25	1.18910275	0.376408802174922	-0.289401265270754
2.3	1.2152035	0.383763719527915	-0.274089117103244
2.35	1.24130425	0.390712039004911	-0.258245235195181
2.4	1.267405	0.39723988195648	-0.241869619546565
2.45	1.29350575	0.403333369733194	-0.224962270157395
2.5	1.3196065	0.408978623685625	-0.207523187027672
2.55	1.34570725	0.414161765164343	-0.189552370157395
2.6	1.371808	0.41886891551992	-0.171049819546565
2.65	1.39790875	0.423086196102927	-0.152015535195181
2.7	1.4240095	0.426799728263935	-0.132449517103244
2.75	1.45011025	0.429995633353516	-0.112351765270754
2.8	1.476211	0.43266003272224	-0.0917222796977098
2.85	1.50231175	0.434779047720679	-0.0705610603841125
2.9	1.5284125	0.436338799699405	-0.0488681073299618
2.95	1.55451325	0.437325410008988	-0.0266434205352576
3	1.580614	0.437725	-0.003887
3.05	1.60652845	0.437553524366955	0.0170750708067844
3.1	1.6324429	0.436842397191803	0.0377616973181178
3.15	1.65835735	0.435598756461965	0.0581728795340003
3.2	1.6842718	0.433829740164864	0.0783086174544317
3.25	1.71018625	0.431542486287922	0.0981689110794122
3.3	1.7361007	0.428744132818561	0.117753760408942
3.35	1.76201515	0.425441817744204	0.13706316544302
3.4	1.7879296	0.421642679052272	0.156097126181648
3.45	1.81384405	0.417353854730188	0.174855642624824
3.5	1.8397585	0.412582482765375	0.19333871477255
3.55	1.86567295	0.407335701145254	0.211546342624824
3.6	1.8915874	0.401620647857248	0.229478526181648
3.65	1.91750185	0.395444460888779	0.24713526544302
3.7	1.9434163	0.388814278227269	0.264516560408942
3.75	1.96933075	0.381737237860141	0.281622411079412
3.8	1.9952452	0.374220477774816	0.298452817454432
3.85	2.02115965	0.366271135958717	0.315007779534
3.9	2.0470741	0.357896350399267	0.331287297318118
3.95	2.07298855	0.349103259083887	0.347291370806784
4	2.098903	0.339899	0.363020
4.05	2.12503385	0.330246134244884	0.375606355534694
4.1	2.1511647	0.32027876734437	0.387091252592051
4.15	2.17729555	0.310025681344711	0.397474691172073
4.2	2.2034264	0.29951565829216	0.406756671274758
4.25	2.22955725	0.288777480232969	0.414937192900107
4.3	2.2556881	0.27783992921339	0.422016256048119
4.35	2.28181895	0.266731787279676	0.427993860718796
4.4	2.3079498	0.25548183647808	0.432870006912137
4.45	2.33408065	0.244118858854854	0.436644694628141
4.5	2.3602115	0.23267163645625	0.439317923866809
4.55	2.38634235	0.221168951328521	0.440889694628141
4.6	2.4124732	0.20963958551792	0.441360006912137
4.65	2.43860405	0.198112321070699	0.440728860718796
4.7	2.4647349	0.18661594003311	0.43899625604812
4.75	2.49086575	0.175179224451406	0.436162192900107
4.8	2.5169966	0.16383095637184	0.432226671274758
4.85	2.54312745	0.152599917840664	0.427189691172073
4.9	2.5692583	0.14151489090413	0.421051252592051
4.95	2.59538915	0.130604657608491	0.413811355534694
5	2.621520	0.119898	0.405470
5.05	2.64786605	0.109407821563616	0.390770070333171
5.1	2.6742121	0.09931265671253	0.375483449052325
5.15	2.70055815	0.0896279624533387	0.35961013615746
5.2	2.7269042	0.08036919579264	0.343150131648577
5.25	2.75325025	0.0715518137370312	0.326103435525676
5.3	2.7795963	0.06319127329311	0.308470047788758
5.35	2.80594235	0.0553030314674738	0.290249968437821
5.4	2.8322884	0.04790254526672	0.271443197472866
5.45	2.85863445	0.0410052716974462	0.252049734893893
5.5	2.8849805	0.03462666776625	0.232069580700902
5.55	2.91132655	0.0287821904797287	0.211502734893893
5.6	2.9376726	0.02348729684448	0.190349197472866
5.65	2.96401865	0.0187574438671013	0.168608968437821
5.7	2.9903647	0.01460808855419	0.146282047788758
5.75	3.01671075	0.0110546879123438	0.123368435525676
5.8	3.0430568	0.00811269894816	0.0998681316485772
5.85	3.06940285	0.00579757866823628	0.0757811361574599
5.9	3.0957489	0.00412478407917002	0.0511074490523247
5.95	3.12209495	0.00310977218755878	0.0258470703331713
6	3.148441	0.002768	0.000000