0	0.000000	0.000000	0.000000
0.05	0.03248715	0.00035727451918425	-0.0220572185906659
0.1	0.0649743	0.001437206599014	-0.0444888246981037
0.15	0.09746145	0.00325195902290475	-0.0672948183223136
0.2	0.1299486	0.005813694574272	-0.0904751994632955
0.25	0.16243575	0.00913457603653125	-0.114029968121049
0.3	0.1949229	0.013226766193098	-0.137959124295575
0.35	0.22741005	0.0181024278273878	-0.162262667986873
0.4	0.2598972	0.023773723722816	-0.186940599194943
0.45	0.29238435	0.0302528166627983	-0.211992917919785
0.5	0.3248715	0.03755186943075	-0.237419624161399
0.55	0.35735865	0.0456830448100868	-0.263220717919785
0.6	0.3898458	0.054658505584224	-0.289396199194943
0.65	0.42233295	0.0644904145365773	-0.315946067986873
0.7	0.4548201	0.075190934450562	-0.342870324295575
0.75	0.48730725	0.0867722281095938	-0.370168968121049
0.8	0.5197944	0.099246458297088	-0.397841999463296
0.85	0.55228155	0.11262578779646	-0.425889418322314
0.9	0.5847687	0.126922379391126	-0.454311224698104
0.95	0.61725585	0.142148395864501	-0.483107418590666
1	0.649743	0.158316	-0.512278
1.05	0.68189505	0.175064725328443	-0.529333365091487
1.1	0.7140471	0.192339285710386	-0.54498727069966
1.15	0.74619915	0.210094621350448	-0.559239716824518
1.2	0.7783512	0.228285672453248	-0.572090703466062
1.25	0.81050325	0.246867379223406	-0.583540230624291
1.3	0.8426553	0.265794681865542	-0.593588298299206
1.35	0.87480735	0.285022520584275	-0.602234906490807
1.4	0.9069594	0.304505835584224	-0.609480055199093
1.45	0.93911145	0.324199567070009	-0.615323744424064
1.5	0.9712635	0.34405865524625	-0.619765974165722
1.55	1.00341555	0.364038040317566	-0.622806744424064
1.6	1.0355676	0.384092662488576	-0.624446055199093
1.65	1.06771965	0.4041774619639	-0.624683906490807
1.7	1.0998717	0.424247378948158	-0.623520298299206
1.75	1.13202375	0.444257353645969	-0.620955230624291
1.8	1.1641758	0.464162326261952	-0.616988703466062
1.85	1.19632785	0.483917237000727	-0.611620716824518
1.9	1.2284799	0.503477026066914	-0.60485127069966
1.95	1.26063195	0.522796633665132	-0.596680365091487
2	1.292784	0.541831	-0.587108
2.05	1.3248016	0.56028478808528	-0.565482452391185
2.1	1.3568192	0.5780329897312	-0.543033088741192
2.15	1.3888368	0.59504922832528	-0.519759909050023
2.2	1.4208544	0.61130712725504	-0.495662913317675
2.25	1.452872	0.626780309908	-0.470742101544151
2.3	1.4848896	0.64144239967168	-0.444997473729449
2.35	1.5169072	0.6552670199336	-0.41842902987357
2.4	1.5489248	0.66822779408128	-0.391036769976513
2.45	1.5809424	0.68029834550224	-0.362820694038279
2.5	1.61296	0.691452297584	-0.333780802058868
2.55	1.6449776	0.70166327371408	-0.303917094038279
2.6	1.6769952	0.71090489728	-0.273229569976513
2.65	1.7090128	0.71915079166928	-0.24171822987357
2.7	1.7410304	0.72637458026944	-0.209383073729449
2.75	1.773048	0.732549886468	-0.176224101544151
2.8	1.8050656	0.73765033365248	-0.142241313317675
2.85	1.8370832	0.7416495452104	-0.107434709050023
2.9	1.8691008	0.74452114452928	-0.0718042887411924
2.95	1.9011184	0.74623875499664	-0.0353500523911849
3	1.933136	0.746776	0.001928
3.05	1.9648151	0.746097032719527	0.0407399333444843
3.1	1.9964942	0.744207296822638	0.0783675842316544
3.15	2.0281733	0.741144309311726	0.11481095266151
3.2	2.0598524	0.736945587189184	0.150070038634052
3.25	2.0915315	0.731648647457406	0.18414484214928
3.3	2.1232106	0.725291007118786	0.217035363207194
3.35	2.1548897	0.717910183175717	0.248741601807793
3.4	2.1865688	0.709543692630592	0.279263557951078
3.45	2.2182479	0.700229052485805	0.30860123163705
3.5	2.249927	0.69000377974375	0.336754622865707
3.55	2.2816061	0.67890539140682	0.36372373163705
3.6	2.3132852	0.666971404477408	0.389508557951078
3.65	2.3449643	0.654239335957908	0.414109101807793
3.7	2.3766434	0.640746702850714	0.437525363207194
3.75	2.4083225	0.626531022158219	0.45975734214928
3.8	2.4400016	0.611629810882816	0.480805038634052
3.85	2.4716807	0.596080586026899	0.50066845266151
3.9	2.5033598	0.579920864592862	0.519347584231654
3.95	2.5350389	0.563188163583098	0.536842433344484
4	2.566718	0.545920	0.553153
4.05	2.5984873	0.528267926337129	0.557935642757835
4.1	2.6302566	0.510480828183816	0.561653312593793
4.15	2.6620259	0.492592538984306	0.564306009507874
4.2	2.6937952	0.474636892182848	0.565893733500077
4.25	2.7255645	0.456647721223687	0.566416484570403
4.3	2.7573338	0.438658859551072	0.565874262718851
4.35	2.7891031	0.420704140609248	0.564267067945422
4.4	2.8208724	0.402817397842464	0.561594900250115
4.45	2.8526417	0.385032464694965	0.557857759632932
4.5	2.884411	0.367383174611	0.55305564609387
4.55	2.9161803	0.349903361034815	0.547188559632932
4.6	2.9479496	0.332626857410656	0.540256500250115
4.65	2.9797189	0.315587497182772	0.532259467945422
4.7	3.0114882	0.298819113795408	0.523197462718851
4.75	3.0432575	0.282355540692813	0.513070484570403
4.8	3.0750268	0.266230611319232	0.501878533500077
4.85	3.1067961	0.250478159118914	0.489621609507874
4.9	3.1385654	0.235132017536104	0.476299712593793
4.95	3.1703347	0.220226020015051	0.461912842757835
5	3.202104	0.205794	0.446461
5.05	3.23386475	0.191995070824311	0.422497461053128
5.1	3.2656255	0.178954499346685	0.398706605153295
5.15	3.29738625	0.166666801024037	0.375088432300501
5.2	3.329147	0.15512649131328	0.351642942494746
5.25	3.36090775	0.144328085671328	0.32837013573603
5.3	3.3926685	0.134266099555095	0.305270012024354
5.35	3.42442925	0.124935048421494	0.282342571359717
5.4	3.45619	0.11632944772744	0.259587813742119
5.45	3.48795075	0.108443812929846	0.23700573917156
5.5	3.5197115	0.101272659485625	0.21459634764804
5.55	3.55147225	0.0948105028516919	0.19235963917156
5.6	3.583233	0.08905185848496	0.170295613742119
5.65	3.61499375	0.0839912418423431	0.148404271359717
5.7	3.6467545	0.079623168380755	0.126685612024354
5.75	3.67851525	0.0759421535571093	0.10513963573603
5.8	3.710276	0.07294271282832	0.0837663424947459
5.85	3.74203675	0.0706193616513006	0.0625657323005007
5.9	3.7737975	0.068966615482965	0.0415378051532945
5.95	3.80555825	0.0679789897802269	0.0206825610531277
6	3.837319	0.067651	0.000000