0	0.000000	0.000000	0.000000
0.05	0.02473335	0.000447078785749125	-0.0359813136869803
0.1	0.0494667	0.001771438556523	-0.0709391154069101
0.15	0.07420005	0.00394776443261137	-0.104873405159789
0.2	0.0989334	0.006950741534304	-0.137784182945618
0.25	0.12366675	0.0107550549818906	-0.169671448764396
0.3	0.1484001	0.015335389895661	-0.200535202616124
0.35	0.17313345	0.0206664313959049	-0.230375444500801
0.4	0.1978668	0.026722864602912	-0.259192174418427
0.45	0.22260015	0.0334793746369721	-0.286985392369003
0.5	0.2473335	0.040910646618375	-0.313755098352528
0.55	0.27206685	0.0489913656674104	-0.339501292369003
0.6	0.2968002	0.057696216904368	-0.364223974418427
0.65	0.32153355	0.0669998854495376	-0.387923144500801
0.7	0.3462669	0.076877056423209	-0.410598802616124
0.75	0.37100025	0.0873024149456719	-0.432250948764396
0.8	0.3957336	0.098250646137216	-0.452879582945618
0.85	0.42046695	0.109696435118131	-0.472484705159789
0.9	0.4452003	0.121614467008707	-0.49106631540691
0.95	0.46993365	0.133979426929233	-0.50862441368698
1	0.494667	0.146766	-0.525159
1.05	0.5196224	0.159976234839992	-0.533376220186192
1.1	0.5445778	0.173378634158172	-0.540559632984364
1.15	0.5695332	0.18694739887765	-0.546709238394516
1.2	0.5944886	0.200656729921536	-0.551825036416647
1.25	0.619444	0.214480828212938	-0.555907027050759
1.3	0.6443994	0.228393894674964	-0.55895521029685
1.35	0.6693548	0.242370130230725	-0.560969586154921
1.4	0.6943102	0.256383735803328	-0.561950154624971
1.45	0.7192656	0.270408912315884	-0.561896915707002
1.5	0.744221	0.2844198606915	-0.560809869401012
1.55	0.7691764	0.298390781853287	-0.558689015707001
1.6	0.7941318	0.312295876724352	-0.555534354624971
1.65	0.8190872	0.326109346227806	-0.551345886154921
1.7	0.8440426	0.339805391286756	-0.54612361029685
1.75	0.868998	0.353358212824313	-0.539867527050759
1.8	0.8939534	0.366742011763584	-0.532577636416647
1.85	0.9189088	0.37993098902768	-0.524253938394516
1.9	0.9438642	0.392899345539708	-0.514896432984364
1.95	0.9688196	0.405621282222778	-0.504505120186192
2	0.993775	0.418071	-0.493080
2.05	1.0186223	0.430095170380651	-0.474660200161275
2.1	1.0434696	0.441653829411266	-0.455610226621363
2.15	1.0683169	0.45273131897684	-0.435930079380265
2.2	1.0931642	0.463311980962368	-0.415619758437979
2.25	1.1180115	0.473380157252844	-0.394679263794507
2.3	1.1428588	0.482920189733262	-0.373108595449848
2.35	1.1677061	0.491916420288617	-0.350907753404002
2.4	1.1925534	0.500353190803904	-0.328076737656969
2.45	1.2174007	0.508214843164117	-0.304615548208749
2.5	1.242248	0.51548571925425	-0.280524185059342
2.55	1.2670953	0.522150160959298	-0.255802648208749
2.6	1.2919426	0.528192510164256	-0.230450937656969
2.65	1.3167899	0.533597108754118	-0.204469053404002
2.7	1.3416372	0.538348298613878	-0.177856995449848
2.75	1.3664845	0.542430421628531	-0.150614763794507
2.8	1.3913318	0.545827819683072	-0.122742358437979
2.85	1.4161791	0.548524834662495	-0.0942397793802646
2.9	1.4410264	0.550505808451794	-0.0651070266213632
2.95	1.4658737	0.551755082935964	-0.035344100161275
3	1.490721	0.552257	-0.004951
3.05	1.5150073	0.552010190954717	0.0251966957598522
3.1	1.5392936	0.5510369810748	0.0548688024923516
3.15	1.5635799	0.549348920658043	0.0840653201974981
3.2	1.5878662	0.54695756000224	0.112786248875292
3.25	1.6121525	0.543874449405187	0.141031588525733
3.3	1.6364388	0.54011113916468	0.16880133914882
3.35	1.6607251	0.535679179578513	0.196095500744555
3.4	1.6850114	0.53059012094448	0.222914073312938
3.45	1.7092977	0.524855513560378	0.249257056853967
3.5	1.733584	0.518486907724	0.275124451367643
3.55	1.7578703	0.511495853733143	0.300516256853967
3.6	1.7821566	0.5038939018856	0.325432473312938
3.65	1.8064429	0.495692602479168	0.349873100744556
3.7	1.8307292	0.48690350581164	0.37383813914882
3.75	1.8550155	0.477538162180813	0.397327588525733
3.8	1.8793018	0.46760812188448	0.420341448875292
3.85	1.9035881	0.457124935220438	0.442879720197498
3.9	1.9278744	0.44610015248648	0.464942402492352
3.95	1.9521607	0.434545323980403	0.486529495759852
4	1.976447	0.422472	0.507641
4.05	2.0008616	0.409887714333271	0.523027435301357
4.1	2.0252762	0.396943416262084	0.537132566886781
4.15	2.0496908	0.383670388304144	0.549956394756273
4.2	2.0741054	0.370099912977152	0.561498918909833
4.25	2.09852	0.356263272798813	0.571760139347461
4.3	2.1229346	0.342191750286828	0.580740056069156
4.35	2.1473492	0.327916627958902	0.588438669074919
4.4	2.1717638	0.313469188332736	0.594855978364749
4.45	2.1961784	0.298880713926035	0.599991983938648
4.5	2.220593	0.2841824872565	0.603846685796614
4.55	2.2450076	0.269405790841836	0.606420083938648
4.6	2.2694222	0.254581907199744	0.607712178364749
4.65	2.2938368	0.239742118847929	0.607722969074919
4.7	2.3182514	0.224917708304092	0.606452456069156
4.75	2.342666	0.210139958085938	0.60390063934746
4.8	2.3670806	0.195440150711168	0.600067518909833
4.85	2.3914952	0.180849568697487	0.594953094756273
4.9	2.4159098	0.166399494562596	0.588557366886781
4.95	2.4403244	0.1521212108242	0.580880335301356
5	2.464739	0.138046	0.571922
5.05	2.48908565	0.124368463002927	0.55150082022577
5.1	2.5134323	0.111198588686694	0.530219122533038
5.15	2.53777895	0.0985573277798822	0.508076906921804
5.2	2.5621256	0.086465631011072	0.485074173392068
5.25	2.58647225	0.0749444491088437	0.46121092194383
5.3	2.6108189	0.064014732801778	0.43648715257709
5.35	2.63516555	0.0536974328184552	0.410902865291847
5.4	2.6595122	0.044013499887456	0.384458060088102
5.45	2.68385885	0.0349838847373607	0.357152736965856
5.5	2.7082055	0.02662953809675	0.328986895925107
5.55	2.73255215	0.0189714106942042	0.299960536965856
5.6	2.7568988	0.012030453258304	0.270073660088103
5.65	2.78124545	0.00582761651762972	0.239326265291847
5.7	2.8055921	0.000383851200761953	0.20771835257709
5.75	2.82993875	-0.00427989196371878	0.17524992194383
5.8	2.8542854	-0.00814266224723204	0.141920973392068
5.85	2.87863205	-0.0111835089211973	0.107731506921805
5.9	2.9029787	-0.013381481257034	0.0726815225330385
5.95	2.92732535	-0.0147156285261618	0.0367710202257705
6	2.951672	-0.015165	0.000000