0	0.000000	0.000000	0.000000
0.05	0.02825045	0.000366614975791	-0.0258987148025253
0.1	0.0565009	0.001460141487208	-0.0514619438363637
0.15	0.08475135	0.003271101910317	-0.0766896871015152
0.2	0.1130018	0.005790018621184	-0.10158194459798
0.25	0.14125225	0.009007413995875	-0.126138716325758
0.3	0.1695027	0.012913810410456	-0.150360002284849
0.35	0.19775315	0.017499730240993	-0.174245802475253
0.4	0.2260036	0.022755695863552	-0.19779611689697
0.45	0.25425405	0.028672229654199	-0.22101094555
0.5	0.2825045	0.035239853989	-0.243890288434344
0.55	0.31075495	0.042449091244021	-0.26643414555
0.6	0.3390054	0.050290463795328	-0.28864251689697
0.65	0.36725585	0.058754494018987	-0.310515402475253
0.7	0.3955063	0.067831704291064	-0.332052802284849
0.75	0.42375675	0.077512616987625	-0.353254716325758
0.8	0.4520072	0.087787754484736	-0.37412114459798
0.85	0.48025765	0.098647639158463	-0.394652087101515
0.9	0.5085081	0.110082793384872	-0.414847543836364
0.95	0.53675855	0.122083739540029	-0.434707514802525
1	0.565009	0.134641	-0.454232
1.05	0.5931991	0.147644649003901	-0.468092739932716
1.1	0.6213892	0.161018419582706	-0.480490975661988
1.15	0.6495793	0.17472108359667	-0.491426707187816
1.2	0.6777694	0.188711412906048	-0.5008999345102
1.25	0.7059595	0.202948179371094	-0.508910657629141
1.3	0.7341496	0.217390154852062	-0.515458876544638
1.35	0.7623397	0.231996111209207	-0.520544591256691
1.4	0.7905298	0.246724820302784	-0.5241678017653
1.45	0.8187199	0.261535053993047	-0.526328508070466
1.5	0.84691	0.27638558414025	-0.527026710172188
1.55	0.8751001	0.291235182604648	-0.526262408070466
1.6	0.9032902	0.306042621246496	-0.524035601765301
1.65	0.9314803	0.320766671926048	-0.520346291256691
1.7	0.9596704	0.335366106503558	-0.515194476544638
1.75	0.9878605	0.349799696839281	-0.508580157629141
1.8	1.0160506	0.364026214793472	-0.5005033345102
1.85	1.0442407	0.378004432226385	-0.490964007187816
1.9	1.0724308	0.391693120998274	-0.479962175661988
1.95	1.1006209	0.405051052969394	-0.467497839932716
2	1.128811	0.418037	-0.453571
2.05	1.1570475	0.430611259254781	-0.43697185763263
2.1	1.185284	0.44270870149605	-0.419797903935509
2.15	1.2135205	0.454313096063694	-0.402049138908638
2.2	1.241757	0.4654082122976	-0.383725562552016
2.25	1.2699935	0.475977819537656	-0.364827174865644
2.3	1.29823	0.48600568712375	-0.345353975849521
2.35	1.3264665	0.495475584395769	-0.325305965503648
2.4	1.354703	0.5043712806936	-0.304683143828024
2.45	1.3829395	0.512676545357131	-0.28348551082265
2.5	1.411176	0.52037514772625	-0.261713066487525
2.55	1.4394125	0.527450857140844	-0.23936581082265
2.6	1.467649	0.5338874429408	-0.216443743828024
2.65	1.4958855	0.539668674466006	-0.192946865503648
2.7	1.524122	0.54477832105635	-0.168875175849521
2.75	1.5523585	0.549200152051719	-0.144228674865644
2.8	1.580595	0.552917936792	-0.119007362552016
2.85	1.6088315	0.555915444617081	-0.0932112389086378
2.9	1.637068	0.55817644486685	-0.066840303935509
2.95	1.6653045	0.559684706881194	-0.0398945576326298
3	1.693541	0.560424	-0.012374
3.05	1.71777135	0.560477358067003	0.00794537940753537
3.1	1.7420017	0.560040143138077	0.028118439930067
3.15	1.76623205	0.559115900571016	0.0481451815675949
3.2	1.7904624	0.557708175723616	0.0680256043201191
3.25	1.81469275	0.555820513953672	0.0877597081876396
3.3	1.8389231	0.553456460618979	0.107347493170156
3.35	1.86315345	0.550619561077333	0.126788959267669
3.4	1.8873838	0.547313360686528	0.146084106480179
3.45	1.91161415	0.54354140480436	0.165232934807684
3.5	1.9358445	0.539307238788625	0.184235444250186
3.55	1.96007485	0.534614407997117	0.203091634807684
3.6	1.9843052	0.529466457787632	0.221801506480179
3.65	2.00853555	0.523866933517965	0.240365059267669
3.7	2.0327659	0.517819380545911	0.258782293170156
3.75	2.05699625	0.511327344229266	0.27705320818764
3.8	2.0812266	0.504394369925824	0.295177804320119
3.85	2.10545695	0.497024002993381	0.313156081567595
3.9	2.1296873	0.489219788789733	0.330988039930067
3.95	2.15391765	0.480985272672674	0.348673679407535
4	2.178148	0.472324	0.366213
4.05	2.2025544	0.46322834940052	0.378923798880622
4.1	2.2269608	0.45383805725152	0.390357613668546
4.15	2.2513672	0.44418429013756	0.400514444363774
4.2	2.2757736	0.4342982146432	0.409394290966304
4.25	2.30018	0.424210997353	0.416997153476138
4.3	2.3245864	0.41395380485152	0.423323031893274
4.35	2.3489928	0.40355780372332	0.428371926217714
4.4	2.3733992	0.39305416055296	0.432143836449456
4.45	2.3978056	0.382474041925	0.434638762588502
4.5	2.422212	0.371848614424	0.43585670463485
4.55	2.4466184	0.36120904463452	0.435797662588502
4.6	2.4710248	0.35058649914112	0.434461636449456
4.65	2.4954312	0.34001214452836	0.431848626217714
4.7	2.5198376	0.3295171473808	0.427958631893274
4.75	2.544244	0.319132674283	0.422791653476138
4.8	2.5686504	0.30888989181952	0.416347690966304
4.85	2.5930568	0.29881996657492	0.408626744363774
4.9	2.6174632	0.28895406513376	0.399628813668546
4.95	2.6418696	0.2793233540806	0.389353898880622
5	2.666276	0.269959	0.377802
5.05	2.69077585	0.260915292672446	0.360437576402825
5.1	2.7152757	0.252298978425886	0.342912555289563
5.15	2.73977555	0.244113991875375	0.325226936660214
5.2	2.7642754	0.236364267635968	0.307380720514779
5.25	2.78877525	0.229053740322719	0.289373906853256
5.3	2.8132751	0.222186344550682	0.271206495675647
5.35	2.83777495	0.215766014934912	0.252878486981951
5.4	2.8622748	0.209796686090464	0.234389880772168
5.45	2.88677465	0.204282292632392	0.215740677046298
5.5	2.9112745	0.19922676917575	0.196930875804341
5.55	2.93577435	0.194634050335593	0.177960477046298
5.6	2.9602742	0.190508070726976	0.158829480772168
5.65	2.98477405	0.186852764964953	0.139537886981951
5.7	3.0092739	0.183672067664578	0.120085695675647
5.75	3.03377375	0.180969913440906	0.100472906853256
5.8	3.0582736	0.178750236908992	0.0806995205147785
5.85	3.08277345	0.17701697268389	0.0607655366602141
5.9	3.1072733	0.175774055380654	0.0406709552895629
5.95	3.13177315	0.175025419614339	0.0204157764028249
6	3.156273	0.174775	0.000000