0	0.000000	0.000000	0.000000
0.05	0.0266705	0.000268215766955	-0.0201543413871131
0.1	0.053341	0.00107724238004	-0.0405549836808459
0.15	0.0800115	0.002433648807585	-0.0612019268811983
0.2	0.106682	0.00434400401792	-0.0820951709881704
0.25	0.1333525	0.006814876979375	-0.103234716001762
0.3	0.160023	0.00985283666028	-0.124620561921974
0.35	0.1866935	0.013464452028965	-0.146252708748805
0.4	0.213364	0.01765629205376	-0.168131156482256
0.45	0.2400345	0.022434925702995	-0.190255905122326
0.5	0.266705	0.027806921945	-0.212626954669016
0.55	0.2933755	0.033778849748105	-0.235244305122326
0.6	0.320046	0.04035727808064	-0.258107956482256
0.65	0.3467165	0.047548775910935	-0.281217908748805
0.7	0.373387	0.05535991220732	-0.304574161921974
0.75	0.4000575	0.063797255938125	-0.328176716001762
0.8	0.426728	0.07286737607168	-0.35202557098817
0.85	0.4533985	0.082576841576315	-0.376120726881198
0.9	0.480069	0.09293222142036	-0.400462183680846
0.95	0.5067395	0.103940084572145	-0.425049941387113
1	0.533410	0.115607	-0.449884
1.05	0.56010325	0.127786380163248	-0.46239541287938
1.1	0.5867965	0.14027855693238	-0.473320382297772
1.15	0.61348975	0.153041182975482	-0.482658908255177
1.2	0.640183	0.16603191096064	-0.490410990751595
1.25	0.66687625	0.179208393555937	-0.496576629787025
1.3	0.6935695	0.19252828342946	-0.501155825361468
1.35	0.72026275	0.205949233249293	-0.504148577474924
1.4	0.746956	0.21942889568352	-0.505554886127392
1.45	0.77364925	0.232924923400228	-0.505374751318873
1.5	0.8003425	0.2463949690675	-0.503608173049367
1.55	0.82703575	0.259796685353423	-0.500255151318873
1.6	0.853729	0.27308772492608	-0.495315686127392
1.65	0.88042225	0.286225740453558	-0.488789777474924
1.7	0.9071155	0.29916838460394	-0.480677425361468
1.75	0.93380875	0.311873310045313	-0.470978629787025
1.8	0.960502	0.32429816944576	-0.459693390751595
1.85	0.98719525	0.336400615473368	-0.446821708255177
1.9	1.0138885	0.34813830079622	-0.432363582297772
1.95	1.04058175	0.359468878082403	-0.41631901287938
2	1.067275	0.370350	-0.398688
2.05	1.09393085	0.380724497910221	-0.379692916930594
2.1	1.1205867	0.390590893167775	-0.360564837342178
2.15	1.14724255	0.399945640637402	-0.341303761234752
2.2	1.1738984	0.40878519518384	-0.321909688608317
2.25	1.20055425	0.417106011671828	-0.302382619462871
2.3	1.2272101	0.424904544966105	-0.282722553798416
2.35	1.25386595	0.432177249931409	-0.26292949161495
2.4	1.2805218	0.43892058143248	-0.243003432912475
2.45	1.30717765	0.445130994334056	-0.22294437769099
2.5	1.3338335	0.450804943500875	-0.202752325950495
2.55	1.36048935	0.455938883797677	-0.18242727769099
2.6	1.3871452	0.4605292700892	-0.161969232912475
2.65	1.41380105	0.464572557240183	-0.14137819161495
2.7	1.4404569	0.468065200115365	-0.120654153798416
2.75	1.46711275	0.471003653579484	-0.0997971194628711
2.8	1.4937686	0.47338437249728	-0.0788070886083167
2.85	1.52042445	0.475203811733491	-0.0576840612347524
2.9	1.5470803	0.476458426152855	-0.0364280373421782
2.95	1.57373615	0.477144670620112	-0.015039016930594
3	1.600392	0.477259	0.006483
3.05	1.6268419	0.476889716838176	0.021370265098592
3.1	1.6532918	0.47613221774457	0.0358378128183849
3.15	1.6797417	0.474997604201879	0.0498856431593787
3.2	1.7061916	0.4734969776928	0.0635137561215732
3.25	1.7326415	0.471641439700031	0.0767221517049686
3.3	1.7590914	0.46944209170627	0.0895108299095648
3.35	1.7855413	0.466910035194214	0.101879790735362
3.4	1.8119912	0.46405637164656	0.11382903418236
3.45	1.8384411	0.460892202546006	0.125358560250559
3.5	1.864891	0.45742862937525	0.136468368939958
3.55	1.8913409	0.453676753616989	0.147158460250559
3.6	1.9177908	0.44964767675392	0.15742883418236
3.65	1.9442407	0.445352500268741	0.167279490735362
3.7	1.9706906	0.44080232564415	0.176710429909565
3.75	1.9971405	0.436008254362844	0.185721651704969
3.8	2.0235904	0.43098138790752	0.194313156121573
3.85	2.0500403	0.425732827760876	0.202484943159379
3.9	2.0764902	0.42027367540561	0.210237012818385
3.95	2.1029401	0.414615032324419	0.217569365098592
4	2.129390	0.408768	0.224482
4.05	2.1557072	0.402804531641931	0.228668306252451
4.1	2.1820244	0.396734759854248	0.232560627636223
4.15	2.2083416	0.390566421495537	0.236158964151316
4.2	2.2346588	0.384307253424384	0.239463315797729
4.25	2.260976	0.377964992499375	0.242473682575464
4.3	2.2872932	0.371547375579096	0.24519006448452
4.35	2.3136104	0.365062139522133	0.247612461524896
4.4	2.3399276	0.358517021187072	0.249740873696594
4.45	2.3662448	0.351919757432499	0.251575300999613
4.5	2.392562	0.345278085117	0.253115743433952
4.55	2.4188792	0.338599741099161	0.254362200999613
4.6	2.4451964	0.331892462237568	0.255314673696594
4.65	2.4715136	0.325163985390807	0.255973161524896
4.7	2.4978308	0.318422047417464	0.25633766448452
4.75	2.524148	0.311674385176125	0.256408182575464
4.8	2.5504652	0.304928735525376	0.256184715797729
4.85	2.5767824	0.298192835323803	0.255667264151316
4.9	2.6030996	0.291474421429992	0.254855827636223
4.95	2.6294168	0.284781230702529	0.253750406252451
5	2.655734	0.278121	0.252351
5.05	2.6821009	0.271523488242335	0.24794389812167
5.1	2.7084678	0.265053571997322	0.242672538546321
5.15	2.7348347	0.258734039061232	0.236536921273955
5.2	2.7612016	0.252587677230336	0.229537046304571
5.25	2.7875685	0.246637274300906	0.221672913638169
5.3	2.8139354	0.240905618069214	0.21294452327475
5.35	2.8403023	0.235415496331531	0.203351875214312
5.4	2.8666692	0.230189696884128	0.192894969456857
5.45	2.8930361	0.225251007523277	0.181573806002384
5.5	2.919403	0.22062221604525	0.169388384850892
5.55	2.9457699	0.216326110246318	0.156338706002384
5.6	2.9721368	0.212385477922752	0.142424769456857
5.65	2.9985037	0.208823106870824	0.127646575214312
5.7	3.0248706	0.205661784886806	0.11200412327475
5.75	3.0512375	0.202924299766969	0.0954974136381693
5.8	3.0776044	0.200633439307584	0.0781264463045711
5.85	3.1039713	0.198811991304923	0.0598912212739552
5.9	3.1303382	0.197482743555258	0.0407917385463213
5.95	3.1567051	0.19666848385486	0.0208279981216696
6	3.183072	0.196392	0.000000