0	0.000000	0.000000	0.000000
0.05	0.02694185	0.000499580778063375	-0.036949488168319
0.1	0.0538837	0.001983627158977	-0.0730807723189202
0.15	0.08082555	0.00443009521282612	-0.108393852451804
0.2	0.1077674	0.007816941009696	-0.142888728566969
0.25	0.13470925	0.0121221206196719	-0.176565400664417
0.3	0.1616511	0.017323590112839	-0.209423868744147
0.35	0.18859295	0.0233993055592826	-0.241464132806159
0.4	0.2155348	0.030327223029088	-0.272686192850454
0.45	0.24247665	0.0380852985923404	-0.303090048877031
0.5	0.2694185	0.046651488319125	-0.332675700885889
0.55	0.29636035	0.0560037482795271	-0.361443148877031
0.6	0.3233022	0.066120034543632	-0.389392392850454
0.65	0.35024405	0.0769783031815249	-0.416523432806159
0.7	0.3771859	0.088556510263291	-0.442836268744147
0.75	0.40412775	0.100832611859016	-0.468330900664417
0.8	0.4310696	0.113784564038784	-0.493007328566969
0.85	0.45801145	0.127390322872681	-0.516865552451804
0.9	0.4849533	0.141627844430793	-0.53990557231892
0.95	0.51189515	0.156475084783204	-0.562127388168319
1	0.538837	0.171910	-0.583531
1.05	0.56573465	0.187795472464084	-0.597371622667282
1.1	0.5926323	0.204030906653711	-0.609552732422219
1.15	0.61952995	0.220571665571395	-0.62007432926481
1.2	0.6464276	0.237373112219648	-0.628936413195056
1.25	0.67332525	0.254390609600984	-0.636138984212956
1.3	0.7002229	0.271579520717917	-0.641682042318511
1.35	0.72712055	0.288895208572959	-0.64556558751172
1.4	0.7540182	0.306293036168624	-0.647789619792584
1.45	0.78091585	0.323728366507425	-0.648354139161102
1.5	0.8078135	0.341156562591875	-0.647259145617275
1.55	0.83471115	0.358532987424488	-0.644504639161102
1.6	0.8616088	0.375813004007776	-0.640090619792584
1.65	0.88850645	0.392951975344253	-0.63401708751172
1.7	0.9154041	0.409905264436433	-0.626284042318511
1.75	0.94230175	0.426628234286828	-0.616891484212956
1.8	0.9691994	0.443076247897952	-0.605839413195056
1.85	0.99609705	0.459204668272318	-0.59312782926481
1.9	1.0229947	0.474968858412439	-0.578756732422219
1.95	1.04989235	0.490324181320829	-0.562726122667282
2	1.076790	0.505226	-0.545036
2.05	1.10358105	0.519562388349964	-0.525076016670301
2.1	1.1303721	0.533353971321403	-0.504365300006887
2.15	1.15716315	0.546580635980036	-0.482903850009756
2.2	1.1839542	0.559222269391584	-0.46069166667891
2.25	1.21074525	0.571258758621766	-0.437728750014347
2.3	1.2375363	0.582669990736301	-0.414015100016069
2.35	1.26432735	0.59343585280091	-0.389550716684075
2.4	1.2911184	0.603536231881312	-0.364335600018364
2.45	1.31790945	0.612951015043227	-0.338369750018938
2.5	1.3447005	0.621660089352375	-0.311653166685796
2.55	1.37149155	0.629643341874475	-0.284185850018938
2.6	1.3982826	0.636880659675248	-0.255967800018364
2.65	1.42507365	0.643351929820413	-0.226999016684075
2.7	1.4518647	0.649037039375689	-0.197279500016069
2.75	1.47865575	0.653915875406797	-0.166809250014347
2.8	1.5054468	0.657968324979456	-0.13558826667891
2.85	1.53223785	0.661174275159386	-0.103616550009756
2.9	1.5590289	0.663513613012307	-0.0708941000068867
2.95	1.58581995	0.664966225603938	-0.0374209166703014
3	1.612611	0.665512	-0.003197
3.05	1.63783655	0.665190378768147	0.0285883754305802
3.1	1.6630621	0.664075147118739	0.0597241587105731
3.15	1.68828765	0.662182691371049	0.0902103498399786
3.2	1.7135132	0.659529397844352	0.120046948818797
3.25	1.73873875	0.656131652857922	0.149233955647027
3.3	1.7639643	0.652005842731033	0.177771370324671
3.35	1.78918985	0.64716835378296	0.205659192851726
3.4	1.8144154	0.641635572332976	0.232897423228195
3.45	1.83964095	0.635423884700356	0.259486061454076
3.5	1.8648665	0.628549677204375	0.28542510752937
3.55	1.89009205	0.621029336164306	0.310714561454076
3.6	1.9153176	0.612879247899424	0.335354423228195
3.65	1.94054315	0.604115798729003	0.359344692851726
3.7	1.9657687	0.594755374972317	0.38268537032467
3.75	1.99099425	0.584814362948641	0.405376455647027
3.8	2.0162198	0.574309148977248	0.427417948818797
3.85	2.04144535	0.563256119377413	0.448809849839979
3.9	2.0666709	0.551671660468411	0.469552158710573
3.95	2.09189645	0.539572158569515	0.48964487543058
4	2.117122	0.526974	0.509088
4.05	2.1423569	0.513909954251416	0.526026179235582
4.1	2.1675918	0.500439741330368	0.541278908025314
4.15	2.1928267	0.486605893410312	0.554846186369195
4.2	2.2180616	0.472450942664704	0.566728014267225
4.25	2.2432965	0.458017421267	0.576924391719405
4.3	2.2685314	0.443347861390656	0.585435318725733
4.35	2.2937663	0.428484795209128	0.592260795286211
4.4	2.3190012	0.413470754895872	0.597400821400838
4.45	2.3442361	0.398348272624344	0.600855397069614
4.5	2.369471	0.383159880568	0.60262452229254
4.55	2.3947059	0.367948110900296	0.602708197069614
4.6	2.4199408	0.352755495794688	0.601106421400838
4.65	2.4451757	0.337624567424632	0.597819195286211
4.7	2.4704106	0.322597857963584	0.592846518725733
4.75	2.4956455	0.307717899585	0.586188391719405
4.8	2.5208804	0.293027224462336	0.577844814267225
4.85	2.5461153	0.278568364769048	0.567815786369195
4.9	2.5713502	0.264383852678592	0.556101308025314
4.95	2.5965851	0.250516220364424	0.542701379235582
5	2.621820	0.237008	0.527616
5.05	2.64712605	0.223908384868688	0.507568025354253
5.1	2.6724321	0.211324539459584	0.486853437513322
5.15	2.69773815	0.199273333119536	0.465472236477206
5.2	2.7230442	0.187771635195392	0.443424422245906
5.25	2.74835025	0.176836315034	0.420709994819421
5.3	2.7736563	0.166484241982208	0.397328954197751
5.35	2.79896235	0.156732285386864	0.373281300380897
5.4	2.8242684	0.147597314594816	0.348567033368858
5.45	2.84957445	0.139096198952912	0.323186153161635
5.5	2.8748805	0.131245807808	0.297138659759228
5.55	2.90018655	0.124063010506928	0.270424553161635
5.6	2.9254926	0.117564676396544	0.243043833368859
5.65	2.95079865	0.111767674823696	0.214996500380897
5.7	2.9761047	0.106688875135232	0.186282554197751
5.75	3.00141075	0.102345146678	0.156901994819421
5.8	3.0267168	0.098753358798848	0.126854822245906
5.85	3.05202285	0.095930380844624	0.0961410364772061
5.9	3.0773289	0.093893082162176	0.0647606375133219
5.95	3.10263495	0.092658332098352	0.0327136253542533
6	3.127941	0.092243	0.000000