0	0.000000	0.000000	0.000000
0.05	0.02481775	0.000399663899893125	-0.0320712876788538
0.1	0.0496355	0.001585093199595	-0.0633228556020388
0.15	0.07445325	0.00353594429913937	-0.093754703769555
0.2	0.099271	0.00623187359856	-0.123366832181402
0.25	0.12408875	0.00965253749789062	-0.152159240837581
0.3	0.1489065	0.013777592397165	-0.180131929738091
0.35	0.17372425	0.0185866946964169	-0.207284898882932
0.4	0.198542	0.02405950079568	-0.233618148272104
0.45	0.22335975	0.0301756670949881	-0.259131677905607
0.5	0.2481775	0.036914849994375	-0.283825487783441
0.55	0.27299525	0.0442567058938744	-0.307699577905607
0.6	0.297813	0.05218089119352	-0.330753948272104
0.65	0.32263075	0.0606670622933456	-0.352988598882931
0.7	0.3474485	0.069694875593385	-0.374403529738091
0.75	0.37226625	0.0792439874936718	-0.394998740837581
0.8	0.397084	0.08929405439424	-0.414774232181402
0.85	0.42190175	0.0998247326951231	-0.433730003769555
0.9	0.4467195	0.110815678796355	-0.451866055602039
0.95	0.47153725	0.122246549097969	-0.469182387678854
1	0.496355	0.134097	-0.485679
1.05	0.5208024	0.146074632787734	-0.494032759234602
1.1	0.5452498	0.158244912330712	-0.501439101707666
1.15	0.5696972	0.170584676752398	-0.507898027419194
1.2	0.5941446	0.183070764176256	-0.513409536369184
1.25	0.618592	0.19568001272575	-0.517973628557638
1.3	0.6430394	0.208389260524344	-0.521590303984555
1.35	0.6674868	0.221175345695502	-0.524259562649934
1.4	0.6919342	0.234015106362688	-0.525981404553777
1.45	0.7163816	0.246885380649366	-0.526755829696082
1.5	0.740829	0.259763006679	-0.526582838076851
1.55	0.7652764	0.272624822575054	-0.525462429696082
1.6	0.7897238	0.285447666460992	-0.523394604553777
1.65	0.8141712	0.298208376460278	-0.520379362649934
1.7	0.8386186	0.310883790696376	-0.516416703984554
1.75	0.863066	0.32345074729275	-0.511506628557638
1.8	0.8875134	0.335886084372864	-0.505649136369184
1.85	0.9119608	0.348166640060182	-0.498844227419194
1.9	0.9364082	0.360269252478168	-0.491091901707666
1.95	0.9608556	0.372170759750286	-0.482392159234601
2	0.985303	0.383848	-0.472745
2.05	1.00997065	0.395267542722773	-0.453065052590452
2.1	1.0346383	0.406197046085541	-0.433013662802963
2.15	1.05930595	0.416627347477731	-0.41259083063753
2.2	1.0839736	0.426549284288768	-0.391796556094156
2.25	1.10864125	0.435953693908078	-0.370630839172839
2.3	1.1333089	0.444831413725087	-0.349093679873579
2.35	1.15797655	0.45317328112922	-0.327185078196378
2.4	1.1826442	0.460970133509904	-0.304905034141233
2.45	1.20731185	0.468212808256564	-0.282253547708147
2.5	1.2319795	0.474892142758625	-0.259230618897118
2.55	1.25664715	0.480998974405514	-0.235836247708147
2.6	1.2813148	0.486524140586656	-0.212070434141233
2.65	1.30598245	0.491458478691477	-0.187933178196377
2.7	1.3306501	0.495792826109403	-0.163424479873579
2.75	1.35531775	0.499518020229859	-0.138544339172839
2.8	1.3799854	0.502624898442272	-0.113292756094156
2.85	1.40465305	0.505104298136067	-0.0876697306375303
2.9	1.4293207	0.506947056700669	-0.0616752628029625
2.95	1.45398835	0.508144011525505	-0.0353093525904525
3	1.478656	0.508686	-0.008572
3.05	1.50265925	0.508538428291277	0.0207719052906377
3.1	1.5266625	0.50769342561022	0.0495393784454188
3.15	1.55066575	0.506164828201492	0.0777304194643433
3.2	1.574669	0.50396647230976	0.105345028347411
3.25	1.59867225	0.501112194179687	0.132383205094623
3.3	1.6226755	0.49761583005594	0.158844949705977
3.35	1.64667875	0.493491216183182	0.184730262181475
3.4	1.670682	0.48875218880608	0.210039142521117
3.45	1.69468525	0.483412584169297	0.234771590724902
3.5	1.7186885	0.4774862385175	0.25892760679283
3.55	1.74269175	0.470986988095352	0.282507190724902
3.6	1.766695	0.46392866914752	0.305510342521117
3.65	1.79069825	0.456325117918667	0.327937062181475
3.7	1.8147015	0.44819017065346	0.349787349705977
3.75	1.83870475	0.439537663596562	0.371061205094623
3.8	1.862708	0.43038143299264	0.391758628347411
3.85	1.88671125	0.420735315086358	0.411879619464343
3.9	1.9107145	0.41061314612238	0.431424178445419
3.95	1.93471775	0.400028762345372	0.450392305290638
4	1.958721	0.388996	0.468784
4.05	1.9829412	0.377436860039016	0.485471052397255
4.1	2.0071614	0.365491651437248	0.500663888752694
4.15	2.0313816	0.353196564406072	0.514362509066316
4.2	2.0556018	0.340587789156864	0.526566913338123
4.25	2.079822	0.327701515901	0.537277101568112
4.3	2.1040422	0.314573934849856	0.546493073756286
4.35	2.1282624	0.301241236214808	0.554214829902643
4.4	2.1524826	0.287739610207232	0.560442370007184
4.45	2.1767028	0.274105247038504	0.565175694069908
4.5	2.200923	0.26037433692	0.568414802090817
4.55	2.2251432	0.246583070063096	0.570159694069908
4.6	2.2493634	0.232767636679168	0.570410370007184
4.65	2.2735836	0.218964226979592	0.569166829902643
4.7	2.2978038	0.205209031175744	0.566429073756286
4.75	2.322024	0.191538239479	0.562197101568112
4.8	2.3462442	0.177988042100736	0.556470913338122
4.85	2.3704644	0.164594629252328	0.549250509066316
4.9	2.3946846	0.151394191145152	0.540535888752694
4.95	2.4189048	0.138422917990584	0.530327052397255
5	2.443125	0.125717	0.518624
5.05	2.4672967	0.113401803323928	0.500220399090507
5.1	2.4914684	0.101541029539904	0.481024419329381
5.15	2.5156401	0.090153831791816	0.461036060716623
5.2	2.5398118	0.079259363223552	0.440255323252233
5.25	2.5639835	0.068876776979	0.418682206936211
5.3	2.5881552	0.059025226202048	0.396316711768556
5.35	2.6123269	0.049723864036584	0.373158837749269
5.4	2.6364986	0.040991843626496	0.34920858487835
5.45	2.6606703	0.032848318115672	0.324465953155798
5.5	2.684842	0.025312440648	0.298930942581614
5.55	2.7090137	0.018403364367368	0.272603553155798
5.6	2.7331854	0.012140242417664	0.24548378487835
5.65	2.7573571	0.00654222794277598	0.217571637749269
5.7	2.7815288	0.00162847408659199	0.188867111768556
5.75	2.8057005	-0.00258186600700003	0.159370206936211
5.8	2.8298722	-0.00606963919411199	0.129080923252233
5.85	2.8540439	-0.00881569233085602	0.0979992607166233
5.9	2.8782156	-0.010800872273344	0.066125219329381
5.95	2.9023873	-0.012006025877688	0.0334587990905067
6	2.926559	-0.012412	0.000000