0	0.000000	0.000000	0.000000
0.05	0.02456005	0.000336873621814625	-0.0273814460714199
0.1	0.0491201	0.001342464251087	-0.0544556715037429
0.15	0.07368015	0.00300922653355988	-0.0812226762969691
0.2	0.0982402	0.005329615114976	-0.107682460451098
0.25	0.12280025	0.00829608464107813	-0.133835023966131
0.3	0.1473603	0.011901089757609	-0.159680366842067
0.35	0.17192035	0.0161370851103114	-0.185218489078906
0.4	0.1964804	0.020996525344928	-0.210449390676648
0.45	0.22104045	0.0264718651072016	-0.235373071635293
0.5	0.2456005	0.032555559042875	-0.259989531954841
0.55	0.27016055	0.0392400617976909	-0.284298771635293
0.6	0.2947206	0.046517828017392	-0.308300790676648
0.65	0.31928065	0.0543813123477211	-0.331995589078906
0.7	0.3438407	0.062822969434421	-0.355383166842067
0.75	0.36840075	0.0718352539232344	-0.378463523966131
0.8	0.3929608	0.081410620459904	-0.401236660451099
0.85	0.41752085	0.0915415236901726	-0.423702576296969
0.9	0.4420809	0.102220418259783	-0.445861271503743
0.95	0.46664095	0.113439758814478	-0.46771274607142
1	0.491201	0.125192	-0.489257
1.05	0.5156855	0.137314245070437	-0.500712121112847
1.1	0.54017	0.1497001894688	-0.510797103161184
1.15	0.5646545	0.162316286025162	-0.51951194614501
1.2	0.589139	0.1751289875696	-0.526856650064326
1.25	0.6136235	0.188104746932187	-0.532831214919133
1.3	0.638108	0.201210016943	-0.537435640709429
1.35	0.6625925	0.214411250432113	-0.540669927435214
1.4	0.687077	0.2276749002296	-0.54253407509649
1.45	0.7115615	0.240967419165537	-0.543028083693255
1.5	0.736046	0.25425526007	-0.54215195322551
1.55	0.7605305	0.267504875773062	-0.539905683693255
1.6	0.785015	0.2806827191048	-0.53628927509649
1.65	0.8094995	0.293755242895288	-0.531302727435214
1.7	0.833984	0.3066888999746	-0.524946040709429
1.75	0.8584685	0.319450143172813	-0.517219214919133
1.8	0.882953	0.33200542532	-0.508122250064327
1.85	0.9074375	0.344321199246237	-0.49765514614501
1.9	0.931922	0.3563639177816	-0.485817903161184
1.95	0.9564065	0.368100033756163	-0.472610521112847
2	0.980891	0.379496	-0.458033
2.05	1.0052395	0.390421921883431	-0.439350985315061
2.1	1.029588	0.40088729533105	-0.42020328270222
2.15	1.0539365	0.410880781540344	-0.400589892161478
2.2	1.078285	0.4203910417088	-0.380510813692835
2.25	1.1026335	0.429406737033906	-0.359966047296291
2.3	1.126982	0.43791652871315	-0.338955592971846
2.35	1.1513305	0.445909077944019	-0.3174794507195
2.4	1.175679	0.453373045924	-0.295537620539253
2.45	1.2000275	0.460297093850581	-0.273130102431105
2.5	1.224376	0.46666988292125	-0.250256896395055
2.55	1.2487245	0.472480074333494	-0.226918002431105
2.6	1.273073	0.4777163292848	-0.203113420539253
2.65	1.2974215	0.482367308972656	-0.1788431507195
2.7	1.32177	0.48642167459455	-0.154107192971846
2.75	1.3461185	0.489868087347969	-0.128905547296291
2.8	1.370467	0.4926952084304	-0.103238213692835
2.85	1.3948155	0.494891699039331	-0.0771051921614782
2.9	1.419164	0.49644622037225	-0.0505064827022198
2.95	1.4435125	0.497347433626644	-0.0234420853150605
3	1.467861	0.497584	0.004088
3.05	1.49288835	0.497130974325691	0.0320323131477564
3.1	1.5179157	0.495984743433804	0.0594838143852226
3.15	1.54294305	0.494157641100504	0.0864425037123987
3.2	1.5679704	0.491662001101952	0.112908381129285
3.25	1.59299775	0.488510157214313	0.13888144663588
3.3	1.6180251	0.484714443213748	0.164361700232186
3.35	1.64305245	0.480287192876422	0.189349141918202
3.4	1.6680798	0.475240739978496	0.213843771693927
3.45	1.69310715	0.469587418296135	0.237845589559362
3.5	1.7181345	0.4633395616055	0.261354595514507
3.55	1.74316185	0.456509503682756	0.284370789559362
3.6	1.7681892	0.449109578304064	0.306894171693927
3.65	1.79321655	0.441152119245589	0.328924741918202
3.7	1.8182439	0.432649460283492	0.350462500232186
3.75	1.84327125	0.423613935193938	0.37150744663588
3.8	1.8682986	0.414057877753088	0.392059581129285
3.85	1.89332595	0.403993621737107	0.412118903712399
3.9	1.9183533	0.393433500922156	0.431685414385223
3.95	1.94338065	0.3823898490844	0.450759113147756
4	1.968408	0.370875	0.469340
4.05	1.99335175	0.358979607754984	0.484201157518792
4.1	2.0182955	0.346731199238625	0.497644987930343
4.15	2.04323925	0.334165127903953	0.509671491234653
4.2	2.068183	0.321316747204	0.520280667431721
4.25	2.09312675	0.308221410591797	0.529472516521548
4.3	2.1180705	0.294914471520375	0.537247038504134
4.35	2.14301425	0.281431283442766	0.543604233379479
4.4	2.167958	0.267807199812	0.548544101147582
4.45	2.19290175	0.254077574081109	0.552066641808444
4.5	2.2178455	0.240277759703125	0.554171855362064
4.55	2.24278925	0.226443110131078	0.554859741808444
4.6	2.267733	0.212608978818	0.554130301147582
4.65	2.29267675	0.198810719216922	0.551983533379479
4.7	2.3176205	0.185083684780875	0.548419438504134
4.75	2.34256425	0.171463228962891	0.543438016521548
4.8	2.367508	0.157984705216	0.537039267431721
4.85	2.39245175	0.144683466993234	0.529223191234653
4.9	2.4173955	0.131594867747625	0.519989787930343
4.95	2.44233925	0.118754260932203	0.509339057518792
5	2.467283	0.106197	0.497271
5.05	2.4922673	0.0939960127696167	0.479300412061965
5.1	2.5172516	0.082253072090614	0.460604249170039
5.15	2.5422359	0.0709863059453122	0.441182511324222
5.2	2.5672202	0.060213842316032	0.421035198524513
5.25	2.5922045	0.0499538091850937	0.400162310770914
5.3	2.6171888	0.040224334534818	0.378563848063424
5.35	2.6421731	0.0310435463475252	0.356239810402042
5.4	2.6671574	0.022429572605536	0.33319019778677
5.45	2.6921417	0.0144005412911708	0.309415010217607
5.5	2.717126	0.00697458038675	0.284914247694552
5.55	2.7421103	0.000169817874594261	0.259687910217607
5.6	2.7670946	-0.005995618262976	0.23373599778677
5.65	2.7920789	-0.0115036000436402	0.207058510402042
5.7	2.8170632	-0.016335999485078	0.179655448063424
5.75	2.8420475	-0.0204746886049687	0.151526810770914
5.8	2.8670318	-0.023901539420992	0.122672598524513
5.85	2.8920161	-0.0265984239508272	0.0930928113242215
5.9	2.9170004	-0.028547214212154	0.0627874491700386
5.95	2.9419847	-0.0297297822226517	0.0317565120619648
6	2.966969	-0.030128	0.000000