0	0.000000	0.000000	0.000000
0.05	0.02423975	0.00036759517773875	-0.0302301712472798
0.1	0.0484795	0.00146070646301	-0.0598616823632669
0.15	0.07271925	0.00326482248389625	-0.0888945333479615
0.2	0.096959	0.00576543186848	-0.117328724201363
0.25	0.12119875	0.00894802324484375	-0.145164254923473
0.3	0.1454385	0.01279808524107	-0.172401125514289
0.35	0.16967825	0.0173011064852412	-0.199039335973814
0.4	0.193918	0.02244257560544	-0.225078886302045
0.45	0.21815775	0.0282079812297487	-0.250519776498984
0.5	0.2423975	0.03458281198625	-0.27536200656463
0.55	0.26663725	0.0415525565030262	-0.299605576498984
0.6	0.290877	0.04910270340816	-0.323250486302045
0.65	0.31511675	0.0572187413297337	-0.346296735973814
0.7	0.3393565	0.06588615889583	-0.368744325514289
0.75	0.36359625	0.0750904447345312	-0.390593254923473
0.8	0.387836	0.08481708747392	-0.411843524201363
0.85	0.41207575	0.0950515757420787	-0.432495133347961
0.9	0.4363155	0.10577939816709	-0.452548082363267
0.95	0.46055525	0.116986043377036	-0.47200237124728
1	0.484795	0.128657	-0.490858
1.05	0.50860575	0.140438603641612	-0.498575829383708
1.1	0.5324165	0.152391837398545	-0.505274187253341
1.15	0.55622725	0.164492426889446	-0.5109530736089
1.2	0.580038	0.17671609773296	-0.515612488450385
1.25	0.60384875	0.189038575547734	-0.519252431777795
1.3	0.6276595	0.201435585952415	-0.52187290359113
1.35	0.65147025	0.213882854565648	-0.523473903890391
1.4	0.675281	0.22635610700608	-0.524055432675577
1.45	0.69909175	0.238831068892357	-0.523617489946689
1.5	0.7229025	0.251283465843125	-0.522160075703726
1.55	0.74671325	0.263689023477031	-0.519683189946689
1.6	0.770524	0.27602346741272	-0.516186832675577
1.65	0.79433475	0.288262523268839	-0.511671003890391
1.7	0.8181455	0.300381916664035	-0.50613570359113
1.75	0.84195625	0.312357373216953	-0.499580931777795
1.8	0.865767	0.32416461854624	-0.492006688450385
1.85	0.88957775	0.335779378270542	-0.4834129736089
1.9	0.9133885	0.347177378008505	-0.473799787253341
1.95	0.93719925	0.358334343378776	-0.463167129383708
2	0.961010	0.369226	-0.451515
2.05	0.98474705	0.379720245328554	-0.432620204538032
2.1	1.0084841	0.389760796651802	-0.413288345440482
2.15	1.03222115	0.399337279368373	-0.39351942270735
2.2	1.0559582	0.408439318876896	-0.373313436338635
2.25	1.07969525	0.417056540576	-0.352670386334338
2.3	1.1034323	0.425178569864314	-0.331590272694459
2.35	1.12716935	0.432795032140467	-0.310073095418997
2.4	1.1509064	0.439895552803088	-0.288118854507953
2.45	1.17464345	0.446469757250806	-0.265727549961326
2.5	1.1983805	0.45250727088225	-0.242899181779118
2.55	1.22211755	0.457997719096049	-0.219633749961326
2.6	1.2458546	0.462930727290832	-0.195931254507953
2.65	1.26959165	0.467295920865228	-0.171791695418997
2.7	1.2933287	0.471082925217866	-0.147215072694459
2.75	1.31706575	0.474281365747375	-0.122201386334338
2.8	1.3408028	0.476880867852384	-0.0967506363386352
2.85	1.36453985	0.478871056931522	-0.0708628227073499
2.9	1.3882769	0.480241558383418	-0.0445379454404823
2.95	1.41201395	0.480981997606701	-0.0177760045380323
3	1.435751	0.481082	0.009423
3.05	1.461046	0.480458217154413	0.0397953286326349
3.1	1.486341	0.4790739304613	0.0695537647776241
3.15	1.511636	0.476944668331138	0.0986983084349674
3.2	1.536931	0.4740859591744	0.127228959604665
3.25	1.562226	0.470513331401562	0.155145718286717
3.3	1.587521	0.4662423134231	0.182448584481123
3.35	1.612816	0.461288433649488	0.209137558187883
3.4	1.638111	0.4556672204912	0.235212639406998
3.45	1.663406	0.449394202358712	0.260673828138466
3.5	1.688701	0.4424849076625	0.285521124382289
3.55	1.713996	0.434954864813037	0.309754528138466
3.6	1.739291	0.4268196022208	0.333374039406998
3.65	1.764586	0.418094648296262	0.356379658187883
3.7	1.789881	0.4087955314499	0.378771384481123
3.75	1.815176	0.398937780092187	0.400549218286717
3.8	1.840471	0.3885369226336	0.421713159604665
3.85	1.865766	0.377608487484613	0.442263208434967
3.9	1.891061	0.3661680030557	0.462199364777624
3.95	1.916356	0.354230997757337	0.481521628632635
4	1.941651	0.341813	0.500230
4.05	1.9671757	0.328875458692958	0.513286562816478
4.1	1.9927004	0.315620781746482	0.525079313757537
4.15	2.0182251	0.302081227579549	0.535608252823177
4.2	2.0437498	0.288289054611136	0.544873380013399
4.25	2.0692745	0.274276521260219	0.552874695328202
4.3	2.0947992	0.260075885945774	0.559612198767586
4.35	2.1203239	0.245719407086778	0.565085890331552
4.4	2.1458486	0.231239343102208	0.569295770020098
4.45	2.1713733	0.21666795241104	0.572241837833226
4.5	2.196898	0.20203749343225	0.573924093770936
4.55	2.2224227	0.187380224584815	0.574342537833226
4.6	2.2479474	0.172728404287712	0.573497170020098
4.65	2.2734721	0.158114290959917	0.571387990331552
4.7	2.2989968	0.143570143020406	0.568014998767586
4.75	2.3245215	0.129128218888156	0.563378195328202
4.8	2.3500462	0.114820776982144	0.557477580013399
4.85	2.3755709	0.100680075721346	0.550313152823177
4.9	2.4010956	0.086738373524738	0.541884913757537
4.95	2.4266203	0.0730279288112973	0.532192862816478
5	2.452145	0.059581	0.521237
5.05	2.47736825	0.0466703517278744	0.502347303059751
5.1	2.5025915	0.034245684320395	0.482702642639529
5.15	2.52781475	0.0223260404101581	0.462303018739333
5.2	2.553038	0.01093046262976	0.441148431359163
5.25	2.57826125	7.79936117968685e-05	0.419238880499019
5.3	2.6034845	-0.010212324011135	0.396574366158901
5.35	2.62870775	-0.0199214476064394	0.373154888338809
5.4	2.653931	-0.02903033454152	0.348980447038744
5.45	2.67915425	-0.0375199421837806	0.324051042258705
5.5	2.7043775	-0.045371227900625	0.298366673998692
5.55	2.72960075	-0.0525651490594569	0.271927342258705
5.6	2.754824	-0.05908266302768	0.244733047038744
5.65	2.78004725	-0.0649047271726981	0.216783788338809
5.7	2.8052705	-0.070012298861915	0.188079566158901
5.75	2.83049375	-0.0743863354627344	0.158620380499019
5.8	2.855717	-0.07800779434256	0.128406231359163
5.85	2.88094025	-0.0808576328687956	0.0974371187393328
5.9	2.9061635	-0.082916808408845	0.065713042639529
5.95	2.93138675	-0.0841662783301119	0.0332340030597515
6	2.956610	-0.084587	0.000000