0	0.000000	0.000000	0.000000
0.05	0.02414515	0.000387497441567375	-0.0320034749007409
0.1	0.0482903	0.001540925041729	-0.063443810338246
0.15	0.07243545	0.00344668571367413	-0.0943210063125151
0.2	0.0965806	0.006091182370592	-0.124635062823548
0.25	0.12072575	0.00946081792567188	-0.154385979871346
0.3	0.1448709	0.013541995292103	-0.183573757455907
0.35	0.16901605	0.0183211173830746	-0.212198395577233
0.4	0.1931612	0.023784587111776	-0.240259894235323
0.45	0.21730635	0.0299188073913964	-0.267758253430176
0.5	0.2414515	0.036710181135125	-0.294693473161794
0.55	0.26559665	0.0441451112561511	-0.321065553430177
0.6	0.2897418	0.052210000667664	-0.346874494235323
0.65	0.31388695	0.0608912522828529	-0.372120295577233
0.7	0.3380321	0.070175269014907	-0.396802957455907
0.75	0.36217725	0.0800484537770156	-0.420922479871346
0.8	0.3863224	0.090497209482368	-0.444478862823548
0.85	0.41046755	0.101507939044153	-0.467472106312515
0.9	0.4346127	0.113067045375561	-0.489902210338246
0.95	0.45875785	0.12516093138978	-0.511769174900741
1	0.482903	0.137776	-0.533073
1.05	0.50713275	0.150835523275248	-0.544658932264262
1.1	0.5313625	0.16415815699863	-0.554790966395444
1.15	0.55559225	0.177708673581857	-0.563469102393545
1.2	0.579822	0.19145184543664	-0.570693340258567
1.25	0.60405175	0.205352444974688	-0.576463679990508
1.3	0.6282815	0.21937524460771	-0.580780121589369
1.35	0.65251125	0.233485016747418	-0.583642665055149
1.4	0.676741	0.24764653380552	-0.58505131038785
1.45	0.70097075	0.261824568193728	-0.58500605758747
1.5	0.7252005	0.27598389232375	-0.58350690665401
1.55	0.74943025	0.290089278607297	-0.58055385758747
1.6	0.77366	0.30410549945608	-0.57614691038785
1.65	0.79788975	0.317997327281808	-0.570286065055149
1.7	0.8221195	0.33172953449619	-0.562971321589369
1.75	0.84634925	0.345266893510938	-0.554202679990508
1.8	0.870579	0.35857417673776	-0.543980140258567
1.85	0.89480875	0.371616156588368	-0.532303702393545
1.9	0.9190385	0.38435760547447	-0.519173366395444
1.95	0.94326825	0.396763295807778	-0.504589132264262
2	0.967498	0.408798	-0.488551
2.05	0.9914872	0.420281971798485	-0.468785452304162
2.1	1.0154764	0.43128515999412	-0.448467662260517
2.15	1.0394656	0.441794316734775	-0.427597629869066
2.2	1.0634548	0.45179619416832	-0.406175355129808
2.25	1.087444	0.461277544442625	-0.384200838042744
2.3	1.1114332	0.47022511970556	-0.361674078607874
2.35	1.1354224	0.478625672104995	-0.338595076825196
2.4	1.1594116	0.4864659537888	-0.314963832694713
2.45	1.1834008	0.493732716904845	-0.290780346216422
2.5	1.20739	0.500412713601	-0.266044617390326
2.55	1.2313792	0.506492696025135	-0.240756646216422
2.6	1.2553684	0.51195941632512	-0.214916432694713
2.65	1.2793576	0.516799626648825	-0.188523976825196
2.7	1.3033468	0.52100007914412	-0.161579278607874
2.75	1.327336	0.524547525958875	-0.134082338042744
2.8	1.3513252	0.52742871924096	-0.106033155129808
2.85	1.3753144	0.529630411138245	-0.0774317298690661
2.9	1.3993036	0.5311393537986	-0.0482780622605172
2.95	1.4232928	0.531942299369895	-0.0185721523041619
3	1.447282	0.532026	0.011686
3.05	1.47230805	0.531347567539751	0.0424255636001786
3.1	1.4973341	0.52990784389665	0.07252589945297
3.15	1.52236015	0.527722826416264	0.101987007558374
3.2	1.5473862	0.52480851244416	0.130808887916391
3.25	1.57241225	0.521180899325906	0.158991540527021
3.3	1.5974383	0.51685598440707	0.186534965390263
3.35	1.62246435	0.511849765033219	0.213439162506119
3.4	1.6474904	0.50617823854992	0.239704131874587
3.45	1.67251645	0.499857402302741	0.265329873495668
3.5	1.6975425	0.49290325363725	0.290316387369361
3.55	1.72256855	0.485331789899014	0.314663673495668
3.6	1.7475946	0.4771590084336	0.338371731874587
3.65	1.77262065	0.468400906586576	0.361440562506119
3.7	1.7976467	0.45907348170351	0.383870165390263
3.75	1.82267275	0.449192731129969	0.405660540527021
3.8	1.8476988	0.43877465221152	0.426811687916391
3.85	1.87272485	0.427835242293731	0.447323607558374
3.9	1.8977509	0.41639049872217	0.46719629945297
3.95	1.92277695	0.404456418842404	0.486429763600179
4	1.947803	0.392049	0.505024
4.05	1.97302535	0.379129155951664	0.519219608442319
4.1	1.9982477	0.365868837256563	0.532021852838078
4.15	2.02347005	0.352303187830356	0.543430733187277
4.2	2.0486924	0.338467351588704	0.553446249489917
4.25	2.07391475	0.324396472447266	0.562068401745996
4.3	2.0991371	0.310125694321701	0.569297189955516
4.35	2.12435945	0.29569016112767	0.575132614118475
4.4	2.1495818	0.281125016780832	0.579574674234875
4.45	2.17480415	0.266465405196847	0.582623370304715
4.5	2.2000265	0.251746470291375	0.584278702327995
4.55	2.22524885	0.237003355980075	0.584540670304715
4.6	2.2504712	0.222271206178608	0.583409274234875
4.65	2.27569355	0.207585164802633	0.580884514118475
4.7	2.3009159	0.192980375767809	0.576966389955516
4.75	2.32613825	0.178491982989797	0.571654901745996
4.8	2.3513606	0.164155130384256	0.564950049489917
4.85	2.37658295	0.150004961866846	0.556851833187277
4.9	2.4018053	0.136076621353227	0.547360252838078
4.95	2.42702765	0.122405252759058	0.536475308442319
5	2.452250	0.109026	0.524197
5.05	2.4771149	0.0962346693482667	0.50455423440793
5.1	2.5019798	0.083940348303814	0.484220196772921
5.15	2.5268447	0.0721602252768622	0.463194887094971
5.2	2.5517096	0.060911488677632	0.441478305374081
5.25	2.5765745	0.0502113269163437	0.419070451610252
5.3	2.6014394	0.040076928403218	0.395971325803482
5.35	2.6263043	0.0305254815484752	0.372180927953772
5.4	2.6511692	0.021574174762336	0.347699258061122
5.45	2.6760341	0.0132401964550207	0.322526316125532
5.5	2.700899	0.00554073503675	0.296662102147002
5.55	2.7257639	-0.00150702108225577	0.270106616125532
5.6	2.7506288	-0.00788588349177599	0.242859858061122
5.65	2.7754937	-0.0135786637815902	0.214921827953772
5.7	2.8003586	-0.018568173541478	0.186292525803482
5.75	2.8252235	-0.0228372243612188	0.156971951610252
5.8	2.8500884	-0.026368627830592	0.126960105374081
5.85	2.8749533	-0.0291451955393772	0.0962569870949711
5.9	2.8998182	-0.031149739077354	0.0648625967729207
5.95	2.9246831	-0.0323650700343017	0.0327769344079304
6	2.949548	-0.032774	0.000000