0	0.000000	0.000000	0.000000
0.05	0.0261611	0.000346092791739	-0.0263935330546881
0.1	0.0523222	0.001377564263432	-0.052396778419409
0.15	0.0784833	0.003084204059793	-0.0780097360941627
0.2	0.1046444	0.005455801825536	-0.103232406078949
0.25	0.1308055	0.008482147205375	-0.128064788373769
0.3	0.1569666	0.012153029844024	-0.152506882978621
0.35	0.1831277	0.016458239386197	-0.176558689893506
0.4	0.2092888	0.021387565476608	-0.200220209118424
0.45	0.2354499	0.026930797759971	-0.223491440653375
0.5	0.261611	0.033077725881	-0.246372384498358
0.55	0.2877721	0.039818139484409	-0.268863040653375
0.6	0.3139332	0.047141828214912	-0.290963409118424
0.65	0.3400943	0.055038581717223	-0.312673489893506
0.7	0.3662554	0.063498189636056	-0.333993282978621
0.75	0.3924165	0.072510441616125	-0.354922788373769
0.8	0.4185776	0.082065127302144	-0.375462006078949
0.85	0.4447387	0.092152036338827	-0.395610936094163
0.9	0.4708998	0.102760958370888	-0.415369578419409
0.95	0.4970609	0.113881683043041	-0.434737933054688
1	0.523222	0.125504	-0.453716
1.05	0.54926915	0.137484910812492	-0.466012531439783
1.1	0.5753163	0.149769567401998	-0.477038764833274
1.15	0.60136345	0.162324882124761	-0.486794700180471
1.2	0.6274106	0.175117767337024	-0.495280337481375
1.25	0.65345775	0.188115135395031	-0.502495676735986
1.3	0.6795049	0.201283898655026	-0.508440717944305
1.35	0.70555205	0.214590969473252	-0.51311546110633
1.4	0.7315992	0.228003260205952	-0.516519906222063
1.45	0.75764635	0.24148768320937	-0.518654053291502
1.5	0.7836935	0.25501115083975	-0.519517902314649
1.55	0.80974065	0.268540575453335	-0.519111453291502
1.6	0.8357878	0.282042869406368	-0.517434706222063
1.65	0.86183495	0.295484945055093	-0.51448766110633
1.7	0.8878821	0.308833714755754	-0.510270317944305
1.75	0.91392925	0.322056090864594	-0.504782676735986
1.8	0.9399764	0.335118985737856	-0.498024737481375
1.85	0.96602355	0.347989311731784	-0.489996500180471
1.9	0.9920707	0.360633981202622	-0.480697964833273
1.95	1.01811785	0.373019906506613	-0.470129131439783
2	1.044165	0.385114	-0.458290
2.05	1.07015475	0.396830967854853	-0.443234752988486
2.1	1.0961445	0.40814605532152	-0.427363931978184
2.15	1.12213425	0.419038065835667	-0.410677536969093
2.2	1.148124	0.42948580283296	-0.393175567961215
2.25	1.17411375	0.439468069749062	-0.374858024954549
2.3	1.2001035	0.44896367001964	-0.355724907949095
2.35	1.22609325	0.457951407080357	-0.335776216944853
2.4	1.252083	0.46641008436688	-0.315011951941823
2.45	1.27807275	0.474318505314873	-0.293432112940005
2.5	1.3040625	0.48165547336	-0.271036699939399
2.55	1.33005225	0.488399791937927	-0.247825712940005
2.6	1.356042	0.49453026448432	-0.223799151941823
2.65	1.38203175	0.500025694434842	-0.198957016944853
2.7	1.4080215	0.50486488522516	-0.173299307949095
2.75	1.43401125	0.509026640290937	-0.146826024954549
2.8	1.460001	0.51248976306784	-0.119537167961215
2.85	1.48599075	0.515233056991532	-0.0914327369690935
2.9	1.5119805	0.51723532549768	-0.0625127319781836
2.95	1.53797025	0.518475372021947	-0.0327771529884859
3	1.563960	0.518932	-0.002226
3.05	1.58926715	0.518634577648062	0.0256406486614751
3.1	1.6145743	0.517638789872458	0.0529651553585844
3.15	1.63988145	0.515958356741201	0.0797475200913279
3.2	1.6651886	0.513606998322304	0.105987742859706
3.25	1.69049575	0.510598434683781	0.131685823663718
3.3	1.7158029	0.506946385893646	0.156841762503364
3.35	1.74111005	0.502664572019912	0.181455559378644
3.4	1.7664172	0.497766713130592	0.205527214289558
3.45	1.79172435	0.4922665292937	0.229056727236107
3.5	1.8170315	0.48617774057725	0.25204409821829
3.55	1.84233865	0.479514067049255	0.274489327236107
3.6	1.8676458	0.472289228777728	0.296392414289558
3.65	1.89295295	0.464516945830683	0.317753359378644
3.7	1.9182601	0.456210938276134	0.338572162503364
3.75	1.94356725	0.447384926182094	0.358848823663718
3.8	1.9688744	0.438052629616576	0.378583342859706
3.85	1.99418155	0.428227768647594	0.397775720091328
3.9	2.0194887	0.417924063343162	0.416425955358584
3.95	2.04479585	0.407155233771293	0.434534048661475
4	2.070103	0.395935	0.452100
4.05	2.0954527	0.384325702754416	0.463622852918881
4.1	2.1208024	0.372440189303786	0.473892463425248
4.15	2.1461521	0.360310228967295	0.482908831519101
4.2	2.1715018	0.347967591064128	0.49067195720044
4.25	2.1968515	0.335444044913469	0.497181840469266
4.3	2.2222012	0.322771359834502	0.502438481325578
4.35	2.2475509	0.309981305146412	0.506441879769376
4.4	2.2729006	0.297105650168384	0.50919203580066
4.45	2.2982503	0.284176164219602	0.510688949419431
4.5	2.3236	0.27122461661925	0.510932620625688
4.55	2.3489497	0.258282776686513	0.509923049419431
4.6	2.3742994	0.245382413740576	0.50766023580066
4.65	2.3996491	0.232555297100623	0.504144179769376
4.7	2.4249988	0.219833196085838	0.499374881325578
4.75	2.4503485	0.207247880015406	0.493352340469266
4.8	2.4756982	0.194831118208512	0.48607655720044
4.85	2.5010479	0.18261467998434	0.477547531519101
4.9	2.5263976	0.170630334662074	0.467765263425248
4.95	2.5517473	0.158909851560899	0.456729752918881
5	2.577097	0.147485	0.444441
5.05	2.60265045	0.136381017463516	0.424596226877227
5.1	2.6282039	0.125787334588251	0.404501214083167
5.15	2.65375735	0.115710345861132	0.38415596161782
5.2	2.6793108	0.106156445769088	0.363560469481185
5.25	2.70486425	0.0971320287990469	0.342714737673264
5.3	2.7304177	0.088643489437937	0.321618766194056
5.35	2.75597115	0.0806972221726866	0.300272555043561
5.4	2.7815246	0.073299621490224	0.278676104221778
5.45	2.80707805	0.0664570818774774	0.256829413728709
5.5	2.8326315	0.060175997821375	0.234732483564352
5.55	2.85818495	0.0544627638088451	0.212385313728709
5.6	2.8837384	0.049323774326816	0.189787904221778
5.65	2.90929185	0.0447654238622159	0.166940255043561
5.7	2.9348453	0.040794106901973	0.143842366194056
5.75	2.96039875	0.0374162179330156	0.120494237673264
5.8	2.9859522	0.034638151442272	0.0968958694811855
5.85	3.01150565	0.0324663019166704	0.0730472616178197
5.9	3.0370591	0.030907063843139	0.0489484140831668
5.95	3.06261255	0.0299668317086061	0.0245993268772269
6	3.088166	0.029652	0.000000