0	0.000000	0.000000	0.000000
0.05	0.02413025	0.0001928550706275	-0.0158715013492401
0.1	0.0482605	0.00076051289922	-0.0310649709775075
0.15	0.07239075	0.0016866124108425	-0.0455804088848023
0.2	0.096521	0.00295479253056	-0.0594178150711244
0.25	0.12065125	0.0045486921834375	-0.0725771895364739
0.3	0.1447815	0.00645195029454	-0.0850585322808508
0.35	0.16891175	0.0086482057889325	-0.096861843304255
0.4	0.193042	0.01112109759168	-0.107987122606687
0.45	0.21717225	0.0138542646278475	-0.118434370188146
0.5	0.2413025	0.0168313458225	-0.128203586048632
0.55	0.26543275	0.0200359801007025	-0.137294770188146
0.6	0.289563	0.02345180638752	-0.145707922606687
0.65	0.31369325	0.0270624636080175	-0.153443043304255
0.7	0.3378235	0.03085159068726	-0.160500132280851
0.75	0.36195375	0.0348028265503125	-0.166879189536474
0.8	0.386084	0.03889981012224	-0.172580215071124
0.85	0.41021425	0.0431261803281075	-0.177603208884802
0.9	0.4343445	0.04746557609298	-0.181948170977507
0.95	0.45847475	0.0519016363419225	-0.18561510134924
1	0.482605	0.056418	-0.188604
1.05	0.50678555	0.0609854275573755	-0.189155164967153
1.1	0.5309661	0.065564890371884	-0.189599449411448
1.15	0.55514665	0.0701538040136985	-0.189936853332885
1.2	0.5793272	0.074749584052992	-0.190167376731464
1.25	0.60350775	0.0793496460599375	-0.190291019607184
1.3	0.6276883	0.083951405604708	-0.190307781960046
1.35	0.65186885	0.0885522782574765	-0.19021766379005
1.4	0.6760494	0.093149679588416	-0.190020665097196
1.45	0.70022995	0.0977410251676995	-0.189716785881483
1.5	0.7244105	0.1023237305655	-0.189306026142912
1.55	0.74859105	0.10689521135199	-0.188788385881483
1.6	0.7727716	0.111452883097344	-0.188163865097196
1.65	0.79695215	0.115994161371733	-0.18743246379005
1.7	0.8211327	0.120516461745332	-0.186594181960046
1.75	0.84531325	0.125017199788312	-0.185649019607184
1.8	0.8694938	0.129493791070848	-0.184596976731464
1.85	0.89367435	0.133943651163111	-0.183438053332885
1.9	0.9178549	0.138364195635276	-0.182172249411448
1.95	0.94203545	0.142752840057514	-0.180799564967153
2	0.966216	0.147107	-0.179320
2.05	0.99031	0.151349942064045	-0.172832650246327
2.1	1.014404	0.15543322340396	-0.166066847835146
2.15	1.038498	0.159350134981415	-0.159022592766456
2.2	1.062592	0.16309396775808	-0.151699885040259
2.25	1.086686	0.166658012695625	-0.144098724656553
2.3	1.11078	0.17003556075572	-0.13621911161534
2.35	1.134874	0.173219902900035	-0.128061045916618
2.4	1.158968	0.17620433009024	-0.119624527560388
2.45	1.183062	0.178982133288005	-0.110909556546651
2.5	1.207156	0.181546603455	-0.101916132875405
2.55	1.23125	0.183891031552895	-0.0926442565466506
2.6	1.255344	0.18600870854336	-0.0830939275603885
2.65	1.279438	0.187892925388065	-0.0732651459166182
2.7	1.303532	0.18953697304868	-0.0631579116153399
2.75	1.327626	0.190934142486875	-0.0527722246565535
2.8	1.35172	0.19207772466432	-0.0421080850402589
2.85	1.375814	0.192961010542685	-0.0311654927664564
2.9	1.399908	0.19357729108364	-0.0199444478351456
2.95	1.424002	0.193919857248855	-0.00844495024632689
3	1.448096	0.193982	0.003333
3.05	1.4733915	0.193771034642106	0.0133746370947896
3.1	1.498687	0.19330396909805	0.0235816755480224
3.15	1.5239825	0.192576619457769	0.0339541153596984
3.2	1.549278	0.1915848018112	0.0444919565298175
3.25	1.5745735	0.190324332248281	0.0551951990583799
3.3	1.599869	0.18879102685895	0.0660638429453855
3.35	1.6251645	0.186980701733144	0.0770978881908343
3.4	1.65046	0.1848891729608	0.0882973347947263
3.45	1.6757555	0.182512256631856	0.0996621827570615
3.5	1.701051	0.17984576883625	0.11119243207784
3.55	1.7263465	0.176885525663919	0.122888082757062
3.6	1.751642	0.1736273432048	0.134749134794726
3.65	1.7769375	0.170067037548831	0.146775588190834
3.7	1.802233	0.16620042478595	0.158967442945386
3.75	1.8275285	0.162023321006094	0.17132469905838
3.8	1.852824	0.1575315422992	0.183847356529818
3.85	1.8781195	0.152720904755206	0.196535415359698
3.9	1.903415	0.14758722446405	0.209388875548022
3.95	1.9287105	0.142126317515669	0.22240773709479
4	1.954006	0.136334	0.235592
4.05	1.9792226	0.130333273857981	0.240300039831242
4.1	2.0044392	0.124217046176044	0.24475275441709
4.15	2.0296558	0.117991755388774	0.248950143757545
4.2	2.0548724	0.111663839930752	0.252892207852605
4.25	2.080089	0.105239738236563	0.256578946702272
4.3	2.1053056	0.098725888740788	0.260010360306544
4.35	2.1305222	0.0921287298780115	0.263186448665423
4.4	2.1557388	0.085454700082816	0.266107211778908
4.45	2.1809554	0.0787102377897845	0.268772649646998
4.5	2.206172	0.0719017814335	0.271182762269695
4.55	2.2313886	0.0650357694485455	0.273337549646998
4.6	2.2566052	0.058118640269504	0.275237011778908
4.65	2.2818218	0.0511568323309585	0.276881148665423
4.7	2.3070384	0.044156784067492	0.278269960306544
4.75	2.332255	0.0371249339136875	0.279403446702272
4.8	2.3574716	0.030067720304128	0.280281607852605
4.85	2.3826882	0.0229915816733965	0.280904443757545
4.9	2.4079048	0.015902956456076	0.28127195441709
4.95	2.4331214	0.00880828308674952	0.281384139831242
5	2.458338	0.001714	0.281241
5.05	2.48338555	-0.00524517420361888	0.274310916345576
5.1	2.5084331	-0.012021364775471	0.266630099391617
5.15	2.53348065	-0.0185957676856996	0.258198549138124
5.2	2.5585282	-0.024949578904448	0.249016265585097
5.25	2.58357575	-0.0310639944018594	0.239083248732536
5.3	2.6086233	-0.036920210148077	0.22839949858044
5.35	2.63367085	-0.0424994221132441	0.21696501512881
5.4	2.6587184	-0.047782826267504	0.204779798377646
5.45	2.68376595	-0.0527516185809999	0.191843848326947
5.5	2.7088135	-0.057386995023875	0.178157164976714
5.55	2.73386105	-0.0616701515662726	0.163719748326947
5.6	2.7589086	-0.065582284178336	0.148531598377646
5.65	2.78395615	-0.0691045888302084	0.13259271512881
5.7	2.8090037	-0.072218261492033	0.11590309858044
5.75	2.83405125	-0.0749044981339531	0.0984627487325357
5.8	2.8590988	-0.077144494726112	0.0802716655850971
5.85	2.88414635	-0.0789194472386529	0.0613298491381243
5.9	2.9091939	-0.080210551641719	0.0416372993916171
5.95	2.93424145	-0.0809990039054536	0.0211940163455757
6	2.959289	-0.081266	0.000000