0	0.000000	0.000000	0.000000
0.05	0.0248846	0.0004006823437715	-0.0321071999286507
0.1	0.0497692	0.001593169934292	-0.0636381735490223
0.15	0.0746538	0.0035631236103705	-0.0945929208611149
0.2	0.0995384	0.006296204210816	-0.124971441864929
0.25	0.124423	0.0097780725744375	-0.154773736560463
0.3	0.1493076	0.013994389540044	-0.183999804947719
0.35	0.1741922	0.0189308159464445	-0.212649647026695
0.4	0.1990768	0.024573012632448	-0.240723262797393
0.45	0.2239614	0.0309066404368635	-0.268220652259811
0.5	0.248846	0.0379173601985	-0.295141815413951
0.55	0.2737306	0.0455908327561665	-0.321486752259811
0.6	0.2986152	0.053912718948672	-0.347255462797393
0.65	0.3234998	0.0628686796148255	-0.372447947026695
0.7	0.3483844	0.072444375593436	-0.397064204947719
0.75	0.373269	0.0826254677233125	-0.421104236560463
0.8	0.3981536	0.093397616843264	-0.444568041864929
0.85	0.4230382	0.104746483792099	-0.467455620861115
0.9	0.4479228	0.116657729408628	-0.489766973549022
0.95	0.4728074	0.129117014531659	-0.511502099928651
1	0.497692	0.142110	-0.532661
1.05	0.52266975	0.15556048006149	-0.544086124737316
1.1	0.5476475	0.16927761514817	-0.554012404765441
1.15	0.57262525	0.183223967491605	-0.562439840084375
1.2	0.597603	0.19736209932336	-0.569368430694118
1.25	0.62258075	0.211654572875	-0.574798176594669
1.3	0.6475585	0.22606395037809	-0.57872907778603
1.35	0.67253625	0.240552794064195	-0.581161134268199
1.4	0.697514	0.25508366616488	-0.582094346041177
1.45	0.72249175	0.26961912891171	-0.581528713104964
1.5	0.7474695	0.28412174453625	-0.579464235459559
1.55	0.77244725	0.298554075270065	-0.575900913104963
1.6	0.797425	0.31287868334472	-0.570838746041177
1.65	0.82240275	0.32705813099178	-0.564277734268199
1.7	0.8473805	0.34105498044281	-0.55621787778603
1.75	0.87235825	0.354831793929375	-0.546659176594669
1.8	0.897336	0.36835113368304	-0.535601630694118
1.85	0.92231375	0.38157556193537	-0.523045240084375
1.9	0.9472915	0.39446764091793	-0.508990004765441
1.95	0.97226925	0.406989932862285	-0.493435924737316
2	0.997247	0.419105	-0.476383
2.05	1.02219185	0.430729113513561	-0.455545676461148
2.1	1.0471367	0.441829225170745	-0.434370171189544
2.15	1.07208155	0.452396899078957	-0.412856484185187
2.2	1.0970264	0.4624236993456	-0.391004615448078
2.25	1.12197125	0.471901190078078	-0.368814564978217
2.3	1.1469161	0.480820935383795	-0.346286332775603
2.35	1.17186095	0.489174499370154	-0.323419918840236
2.4	1.1968058	0.49695344614456	-0.300215323172118
2.45	1.22175065	0.504149339814416	-0.276672545771246
2.5	1.2466955	0.510753744487125	-0.252791586637623
2.55	1.27164035	0.516758224270092	-0.228572445771246
2.6	1.2965852	0.52215434327072	-0.204015123172118
2.65	1.32153005	0.526933665596413	-0.179119618840236
2.7	1.3464749	0.531087755354575	-0.153885932775603
2.75	1.37141975	0.534608176652609	-0.128314064978217
2.8	1.3963646	0.53748649359792	-0.102404015448078
2.85	1.42130945	0.539714270297911	-0.0761557841851875
2.9	1.4462543	0.541283070859985	-0.049569371189544
2.95	1.47119915	0.542184459391547	-0.0226447764611483
3	1.496144	0.542410	0.004618
3.05	1.5213321	0.54196305777516	0.0307644822720153
3.1	1.5465202	0.540865536184098	0.0562756769364501
3.15	1.5717083	0.539133436914603	0.0811515839933042
3.2	1.5968964	0.536782761654464	0.105392203442578
3.25	1.6220845	0.533829512091469	0.128997535284271
3.3	1.6472726	0.530289689913406	0.151967579518383
3.35	1.6724607	0.526179296808064	0.174302336144915
3.4	1.6976488	0.521514334463232	0.196001805163867
3.45	1.7228369	0.516310804566698	0.217065986575238
3.5	1.748025	0.51058470880625	0.237494880379028
3.55	1.7732131	0.504352048869677	0.257288486575238
3.6	1.7984012	0.497628826444768	0.276446805163867
3.65	1.8235893	0.490431043219311	0.294969836144915
3.7	1.8487774	0.482774700881094	0.312857579518383
3.75	1.8739655	0.474675801117906	0.330110035284271
3.8	1.8991536	0.466150345617536	0.346727203442578
3.85	1.9243417	0.457214336067772	0.362709083993304
3.9	1.9495298	0.447883774156402	0.37805567693645
3.95	1.9747179	0.438174661571215	0.392766982272015
4	1.999906	0.428103	0.406843
4.05	2.0250738	0.417761944379788	0.414788319092551
4.1	2.0502416	0.40723129814102	0.421909125649044
4.15	2.0754094	0.396531812450303	0.428205419669479
4.2	2.1005772	0.38568423847424	0.433677201153855
4.25	2.125745	0.374709327379438	0.438324470102174
4.3	2.1509128	0.3636278303325	0.442147226514435
4.35	2.1760806	0.352460498500033	0.445145470390638
4.4	2.2012484	0.34122808304864	0.447319201730783
4.45	2.2264162	0.329951335144927	0.44866842053487
4.5	2.251584	0.3186510059555	0.449193126802899
4.55	2.2767518	0.307347846646962	0.44889332053487
4.6	2.3019196	0.29606260838592	0.447769001730783
4.65	2.3270874	0.284816042338978	0.445820170390638
4.7	2.3522552	0.27362889967274	0.443046826514435
4.75	2.377423	0.262521931553813	0.439448970102174
4.8	2.4025908	0.2515158891488	0.435026601153855
4.85	2.4277586	0.240631523624307	0.429779719669479
4.9	2.4529264	0.22988958614694	0.423708325649044
4.95	2.4780942	0.219310827883303	0.416812419092551
5	2.503262	0.208916	0.409092
5.05	2.5282734	0.198833446306958	0.39699797477974
5.1	2.5532848	0.189064386888944	0.38402388905635
5.15	2.5782962	0.179630833291226	0.370169742829829
5.2	2.6033076	0.170554797059072	0.355435536100178
5.25	2.628319	0.16185828973775	0.339821268867396
5.3	2.6533304	0.153563322872528	0.323326941131484
5.35	2.6783418	0.145691908008674	0.305952552892441
5.4	2.7033532	0.138266056691456	0.287698104150267
5.45	2.7283646	0.131307780466142	0.268563594904963
5.5	2.753376	0.124839090878	0.248549025156528
5.55	2.7783874	0.118881999472298	0.227654394904963
5.6	2.8033988	0.113458517794304	0.205879704150267
5.65	2.8284102	0.108590657389286	0.183224952892441
5.7	2.8534216	0.104300429802512	0.159690141131484
5.75	2.878433	0.10060984657925	0.135275268867396
5.8	2.9034444	0.097540919264768	0.109980336100178
5.85	2.9284558	0.095115659404334	0.0838053428298295
5.9	2.9534672	0.093356078543216	0.0567502890563502
5.95	2.9784786	0.092284188226682	0.0288151747797404
6	3.003490	0.091922	0.000000