0	0.000000	0.000000	0.000000
0.05	0.0270342	0.000364087983998	-0.0268545766160641
0.1	0.0540684	0.001447616044624	-0.0532244399041214
0.15	0.0811026	0.003237480344826	-0.079109589864172
0.2	0.1081368	0.005720577047552	-0.104510026496216
0.25	0.135171	0.00888380231575	-0.129425749800253
0.3	0.1622052	0.012714052312368	-0.153856759776283
0.35	0.1892394	0.017198223200354	-0.177803056424307
0.4	0.2162736	0.022323211142656	-0.201264639744324
0.45	0.2433078	0.028075912302222	-0.224241509736334
0.5	0.270342	0.034443222842	-0.246733666400337
0.55	0.2973762	0.041412038924938	-0.268741109736334
0.6	0.3244104	0.048969256713984	-0.290263839744324
0.65	0.3514446	0.057101772372086	-0.311301856424307
0.7	0.3784788	0.065796482062192	-0.331855159776283
0.75	0.405513	0.07504028194725	-0.351923749800253
0.8	0.4325472	0.084820068190208	-0.371507626496216
0.85	0.4595814	0.095122736954014	-0.390606789864172
0.9	0.4866156	0.105935184401616	-0.409221239904121
0.95	0.5136498	0.117244306695962	-0.427350976616064
1	0.540684	0.129037	-0.444996
1.05	0.5676088	0.141132577521232	-0.453294619509746
1.1	0.5945336	0.153437014402176	-0.460510273807939
1.15	0.6214584	0.165921152021104	-0.46664296289458
1.2	0.6483832	0.178555831756288	-0.47169268676967
1.25	0.675308	0.191311894986	-0.475659445433207
1.3	0.7022328	0.204160183088512	-0.478543238885191
1.35	0.7291576	0.217071537442096	-0.480344067125624
1.4	0.7560824	0.230016799425024	-0.481061930154504
1.45	0.7830072	0.242966810415568	-0.480696827971833
1.5	0.809932	0.255892411792	-0.479248760577609
1.55	0.8368568	0.268764444932592	-0.476717727971833
1.6	0.8637816	0.281553751215616	-0.473103730154504
1.65	0.8907064	0.294231172019344	-0.468406767125624
1.7	0.9176312	0.306767548722048	-0.462626838885191
1.75	0.944556	0.319133722702	-0.455763945433206
1.8	0.9714808	0.331300535337472	-0.447818086769669
1.85	0.9984056	0.343238828006736	-0.43878926289458
1.9	1.0253304	0.354919442088064	-0.428677473807939
1.95	1.0522552	0.366313218959728	-0.417482719509745
2	1.079180	0.377391	-0.405205
2.05	1.1060495	0.388026290900064	-0.386390144098001
2.1	1.132919	0.39815358780211	-0.367393057238318
2.15	1.1597885	0.407767994251421	-0.348213739420951
2.2	1.186658	0.41686461379328	-0.3288521906459
2.25	1.2135275	0.425438549972969	-0.309308410913164
2.3	1.240397	0.43348490633577	-0.289582400222743
2.35	1.2672665	0.440998786426966	-0.269674158574639
2.4	1.294136	0.44797529379184	-0.249583685968849
2.45	1.3210055	0.454409531975674	-0.229310982405376
2.5	1.347875	0.46029660452375	-0.208856047884218
2.55	1.3747445	0.465631614981351	-0.188218882405376
2.6	1.401614	0.47040966689376	-0.167399485968849
2.65	1.4284835	0.474625863806259	-0.146397858574639
2.7	1.455353	0.47827530926413	-0.125214000222743
2.75	1.4822225	0.481353106812656	-0.103847910913164
2.8	1.509092	0.48385435999712	-0.0822995906458996
2.85	1.5359615	0.485774172362804	-0.0605690394209513
2.9	1.562831	0.48710764745499	-0.0386562572383186
2.95	1.5897005	0.487849888818961	-0.0165612440980015
3	1.616570	0.487996	0.005716
3.05	1.64275435	0.487558998333269	0.027571034604592
3.1	1.6689387	0.48655694869793	0.0488752129350165
3.15	1.69512305	0.485004274907466	0.0696285349912733
3.2	1.7213074	0.48291540077536	0.0898310007733626
3.25	1.74749175	0.480304750115094	0.109482610281284
3.3	1.7736761	0.47718674674015	0.128583363515038
3.35	1.79986045	0.473575814464011	0.147133260474625
3.4	1.8260448	0.46948637710016	0.165132301160044
3.45	1.85222915	0.464932858462079	0.182580485571295
3.5	1.8784135	0.45992968236325	0.199477813708379
3.55	1.90459785	0.454491272617156	0.215824285571295
3.6	1.9307822	0.44863205303728	0.231619901160044
3.65	1.95696655	0.442366447437104	0.246864660474625
3.7	1.9831509	0.43570887963011	0.261558563515038
3.75	2.00933525	0.428673773429781	0.275701610281284
3.8	2.0355196	0.4212755526496	0.289293800773363
3.85	2.06170395	0.413528641103049	0.302335134991273
3.9	2.0878883	0.40544746260361	0.314825612935016
3.95	2.11407265	0.397046440964766	0.326765234604592
4	2.140257	0.388340	0.338154
4.05	2.16656895	0.37935085549666	0.345005654407299
4.1	2.1928809	0.370190509618831	0.351167203087514
4.15	2.21919285	0.360877120393898	0.356638646040644
4.2	2.2455048	0.351428845849248	0.361419983266691
4.25	2.27181675	0.341863844012266	0.365511214765653
4.3	2.2981287	0.332200272910337	0.368912340537532
4.35	2.32444065	0.322456290570848	0.371623360582326
4.4	2.3507526	0.312650055021184	0.373644274900036
4.45	2.37706455	0.302799724288731	0.374975083490662
4.5	2.4033765	0.292923456400875	0.375615786354204
4.55	2.42968845	0.283039409385001	0.375566383490662
4.6	2.4560004	0.273165741268496	0.374826874900036
4.65	2.48231235	0.263320610078745	0.373397260582326
4.7	2.5086243	0.253522173843133	0.371277540537532
4.75	2.53493625	0.243788590589047	0.368467714765653
4.8	2.5612482	0.234138018343872	0.364967783266691
4.85	2.58756015	0.224588615134994	0.360777746040644
4.9	2.6138721	0.215158538989799	0.355897603087514
4.95	2.64018405	0.205865947935672	0.350327354407299
5	2.666496	0.196729	0.344067
5.05	2.69262045	0.18789460032282	0.332171791905901
5.1	2.7187449	0.179378254956197	0.319717832032234
5.15	2.74486935	0.17119456098306	0.306705120378998
5.2	2.7709938	0.163358115486336	0.293133656946194
5.25	2.79711825	0.155883515548953	0.279003441733821
5.3	2.8232427	0.148785358253839	0.26431447474188
5.35	2.84936715	0.142078240683921	0.24906675597037
5.4	2.8754916	0.135776759922128	0.233260285419291
5.45	2.90161605	0.129895513051387	0.216895063088644
5.5	2.9277405	0.124449097154625	0.199971088978428
5.55	2.95386495	0.119452109314771	0.182488363088644
5.6	2.9799894	0.114919146614752	0.164446885419291
5.65	3.00611385	0.110864806137496	0.14584665597037
5.7	3.0322383	0.107303684965931	0.12668767474188
5.75	3.05836275	0.104250380182984	0.106969941733821
5.8	3.0844872	0.101719488871584	0.086693456946194
5.85	3.11061165	0.0997256081146576	0.0658582203789984
5.9	3.1367361	0.098283334995133	0.0444642320322342
5.95	3.16286055	0.0974072665959379	0.0225114919059015
6	3.188985	0.097112	0.000000