0	0.000000	0.000000	0.000000
0.05	0.0246775	0.00022495306049375	-0.0181917754576537
0.1	0.049355	0.00089589791345	-0.036145621919765
0.15	0.0740325	0.00200696306608125	-0.0538615393863337
0.2	0.09871	0.0035522770256	-0.07133952785736
0.25	0.1233875	0.00552596829921875	-0.0885795873328437
0.3	0.148065	0.00792216539415	-0.105581717812785
0.35	0.1727425	0.0107349968176063	-0.122345919297184
0.4	0.19742	0.0139585910768	-0.13887219178604
0.45	0.2220975	0.0175870766789438	-0.155160535279354
0.5	0.246775	0.02161458213125	-0.171210949777125
0.55	0.2714525	0.0260352359409313	-0.187023435279354
0.6	0.29613	0.0308431666152	-0.20259799178604
0.65	0.3208075	0.0360325026612688	-0.217934619297184
0.7	0.345485	0.04159737258635	-0.233033317812785
0.75	0.3701625	0.0475319048976563	-0.247894087332844
0.8	0.39484	0.0538302281024	-0.26251692785736
0.85	0.4195175	0.0604864707077937	-0.276901839386334
0.9	0.444195	0.06749476122105	-0.291048821919765
0.95	0.4688725	0.0748492281493812	-0.304957875457654
1	0.493550	0.082544	-0.318629
1.05	0.5181686	0.0904833843393415	-0.326218034698338
1.1	0.5427872	0.098598987677532	-0.332944923638956
1.15	0.5674058	0.106869585193021	-0.338809666821854
1.2	0.5920244	0.115273952064256	-0.343812264247033
1.25	0.616643	0.123790863469688	-0.347952715914491
1.3	0.6412616	0.132399094587764	-0.35123102182423
1.35	0.6658802	0.141077420596935	-0.35364718197625
1.4	0.6904988	0.149804616675648	-0.355201196370549
1.45	0.7151174	0.158559458002353	-0.355893065007129
1.5	0.739736	0.1673207197555	-0.355722787885989
1.55	0.7643546	0.176067177113537	-0.354690365007129
1.6	0.7889732	0.184777605254912	-0.352795796370549
1.65	0.8135918	0.193430779358076	-0.35003908197625
1.7	0.8382104	0.202005474601476	-0.34642022182423
1.75	0.862829	0.210480466163563	-0.341939215914492
1.8	0.8874476	0.218834529222784	-0.336596064247033
1.85	0.9120662	0.227046438957589	-0.330390766821854
1.9	0.9366848	0.235094970546428	-0.323323323638956
1.95	0.9613034	0.242958899167749	-0.315393734698338
2	0.985922	0.250617	-0.306602
2.05	1.01045225	0.257980397784856	-0.293700994454551
2.1	1.0349825	0.26502369155845	-0.280503284229676
2.15	1.05951275	0.271739603080819	-0.267008869325374
2.2	1.084043	0.278120854112	-0.253217749741646
2.25	1.10857325	0.284160166412031	-0.239129925478491
2.3	1.1331035	0.28985026174095	-0.22474539653591
2.35	1.15763375	0.295183861858794	-0.210064162913902
2.4	1.182164	0.3001536885256	-0.195086224612468
2.45	1.20669425	0.304752463501406	-0.179811581631608
2.5	1.2312245	0.30897290854625	-0.164240233971321
2.55	1.25575475	0.312807745420169	-0.148372181631608
2.6	1.280285	0.3162496958832	-0.132207424612468
2.65	1.30481525	0.319291481695381	-0.115745962913902
2.7	1.3293455	0.32192582461675	-0.0989877965359098
2.75	1.35387575	0.324145446407344	-0.0819329254784909
2.8	1.378406	0.3259430688272	-0.0645813497416456
2.85	1.40293625	0.327311413636356	-0.0469330693253738
2.9	1.4274665	0.32824320259485	-0.0289880842296756
2.95	1.45199675	0.328731157462719	-0.010746394454551
3	1.476527	0.328768	0.007792
3.05	1.50170105	0.328350951734815	0.0252773536850447
3.1	1.5268751	0.3274985472034	0.0423797017190321
3.15	1.55204915	0.326220428209165	0.0590990441019621
3.2	1.5772232	0.32452623655552	0.0754353808338348
3.25	1.60239725	0.322425614045875	0.0913887119146502
3.3	1.6275713	0.31992820248364	0.106959037344408
3.35	1.65274535	0.317043643672225	0.122146357123109
3.4	1.6779194	0.31378157941504	0.136950671250752
3.45	1.70309345	0.310151651515495	0.151371979727338
3.5	1.7282675	0.306163501777	0.165410282552867
3.55	1.75344155	0.301826772002965	0.179065579727338
3.6	1.7786156	0.2971511039968	0.192337871250752
3.65	1.80378965	0.292146139561915	0.205227157123109
3.7	1.8289637	0.28682152050172	0.217733437344408
3.75	1.85413775	0.281186888619625	0.22985671191465
3.8	1.8793118	0.27525188571904	0.241596980833835
3.85	1.90448585	0.269026153603375	0.252954244101962
3.9	1.9296599	0.26251933407604	0.263928501719032
3.95	1.95483395	0.255741068940445	0.274519753685045
4	1.980008	0.248701	0.284728
4.05	2.00525005	0.241488514983304	0.286674346918257
4.1	2.0304921	0.234231710447472	0.288239562581961
4.15	2.05573415	0.226940206926688	0.289423646991112
4.2	2.0809762	0.219623624955136	0.290226600145709
4.25	2.10621825	0.212291585067	0.290648422045753
4.3	2.1314603	0.204953707796464	0.290689112691243
4.35	2.15670235	0.197619613677712	0.29034867208218
4.4	2.1819444	0.190298923244928	0.289627100218564
4.45	2.20718645	0.183001257032296	0.288524397100394
4.5	2.2324285	0.175736235574	0.287040562727671
4.55	2.25767055	0.168513479404224	0.285175597100394
4.6	2.2829126	0.161342609057152	0.282929500218564
4.65	2.30815465	0.154233245066968	0.28030227208218
4.7	2.3333967	0.147195007967856	0.277293912691243
4.75	2.35863875	0.140237518294	0.273904422045753
4.8	2.3838808	0.133370396579584	0.270133800145709
4.85	2.40912285	0.126603263358792	0.265982046991112
4.9	2.4343649	0.119945739165808	0.261449162581961
4.95	2.45960695	0.113407444534816	0.256535146918257
5	2.484849	0.106998	0.251240
5.05	2.5102524	0.10077072443006	0.239024945456907
5.1	2.5356558	0.09485421665008	0.226773370339403
5.15	2.5610592	0.08924940440682	0.214485274647488
5.2	2.5864626	0.08395721544704	0.202160658381162
5.25	2.611866	0.0789785775175	0.189799521540424
5.3	2.6372694	0.07431441836496	0.177401864125275
5.35	2.6626728	0.06996566573618	0.164967686135714
5.4	2.6880762	0.06593324737792	0.152496987571742
5.45	2.7134796	0.06221809103694	0.139989768433359
5.5	2.738883	0.05882112446	0.127446028720565
5.55	2.7642864	0.05574327539386	0.114865768433359
5.6	2.7896898	0.05298547158528	0.102248987571742
5.65	2.8150932	0.05054864078102	0.0895956861357142
5.7	2.8404966	0.04843371072784	0.0769058641252746
5.75	2.8659	0.0466416091725	0.0641795215404238
5.8	2.8913034	0.04517326386176	0.0514166583811616
5.85	2.9167068	0.04402960254238	0.0386172746474882
5.9	2.9421102	0.04321155296112	0.0257813703394034
5.95	2.9675136	0.04272004286474	0.0129089454569074
6	2.992917	0.042556	0.000000