0	0.000000	0.000000	0.000000
0.05	0.0314033	0.000382891933929	-0.024464926423879
0.1	0.0628066	0.001541549960152	-0.0494066605926129
0.15	0.0942099	0.003490947415323	-0.0748252025062016
0.2	0.1256132	0.006246057636096	-0.100720552164645
0.25	0.1570165	0.009821853959125	-0.127092709567943
0.3	0.1884198	0.014233309721064	-0.153941674716097
0.35	0.2198231	0.019495398258567	-0.181267447609105
0.4	0.2512264	0.025623092908288	-0.209070028246968
0.45	0.2826297	0.032631367006881	-0.237349416629685
0.5	0.314033	0.040535193891	-0.266105612757258
0.55	0.3454363	0.049349546897299	-0.295338616629685
0.6	0.3768396	0.059089399362432	-0.325048428246968
0.65	0.4082429	0.069769724623053	-0.355235047609105
0.7	0.4396462	0.081405496015816	-0.385898474716097
0.75	0.4710495	0.094011686877375	-0.417038709567943
0.8	0.5024528	0.107603270544384	-0.448655752164645
0.85	0.5338561	0.122195220353497	-0.480749602506202
0.9	0.5652594	0.137802509641368	-0.513320260592613
0.95	0.5966627	0.154440111744651	-0.546367726423879
1	0.628066	0.172123	-0.579892
1.05	0.65943005	0.190692403710679	-0.603873876928972
1.1	0.6907941	0.209980630401261	-0.625729382602263
1.15	0.72215815	0.229920988457365	-0.645458517019872
1.2	0.7535222	0.250446786264608	-0.6630612801818
1.25	0.78488625	0.271491332208609	-0.678537672088047
1.3	0.8162503	0.292987934674987	-0.691887692738613
1.35	0.84761435	0.314869902049359	-0.703111342133498
1.4	0.8789784	0.337070542717344	-0.712208620272701
1.45	0.91034245	0.35952316506456	-0.719179527156223
1.5	0.9417065	0.382161077476625	-0.724024062784063
1.55	0.97307055	0.404917588339158	-0.726742227156223
1.6	1.0044346	0.427726006037776	-0.727334020272701
1.65	1.03579865	0.450519638958098	-0.725799442133498
1.7	1.0671627	0.473231795485743	-0.722138492738613
1.75	1.09852675	0.495795784006328	-0.716351172088048
1.8	1.1298908	0.518144912905472	-0.708437480181801
1.85	1.16125485	0.540212490568793	-0.698397417019872
1.9	1.1926189	0.561931825381909	-0.686230982602263
1.95	1.22398295	0.583236225730439	-0.671938176928972
2	1.255347	0.604059	-0.655519
2.05	1.286722	0.624244358485625	-0.631042349820717
2.1	1.318097	0.64364719821	-0.605637325976096
2.15	1.349472	0.662238391449375	-0.579303928466135
2.2	1.380847	0.67998881048	-0.552042157290837
2.25	1.412222	0.696869327578125	-0.523852012450199
2.3	1.443597	0.71285081502	-0.494733493944223
2.35	1.474972	0.727904145081875	-0.464686601772908
2.4	1.506347	0.74200019004	-0.433711335936255
2.45	1.537722	0.755109822170625	-0.401807696434263
2.5	1.569097	0.76720391375	-0.368975683266932
2.55	1.600472	0.778253337054375	-0.335215296434263
2.6	1.631847	0.78822896436	-0.300526535936255
2.65	1.663222	0.797101667943125	-0.264909401772908
2.7	1.694597	0.80484232008	-0.228363893944223
2.75	1.725972	0.811421793046875	-0.190890012450199
2.8	1.757347	0.81681095912	-0.152487757290837
2.85	1.788722	0.820980690575625	-0.113157128466136
2.9	1.820097	0.82390185969	-0.0728981259760956
2.95	1.851472	0.825545338739375	-0.0317107498207171
3	1.882847	0.825882	0.010405
3.05	1.91687905	0.824848579280973	0.0501252747668925
3.1	1.9509111	0.822484012487085	0.0886339679793753
3.15	1.98494315	0.818829532222374	0.125931079637448
3.2	2.0189752	0.81392637109088	0.162016609741112
3.25	2.05300725	0.807815761696641	0.196890558290365
3.3	2.0870393	0.800538936643695	0.230552925285209
3.35	2.12107135	0.792137128536082	0.263003710725643
3.4	2.1551034	0.78265156997784	0.294242914611668
3.45	2.18913545	0.772123493573008	0.324270536943282
3.5	2.2231675	0.760594131925625	0.353086577720487
3.55	2.25719955	0.748104717639729	0.380691036943282
3.6	2.2912316	0.73469648331936	0.407083914611668
3.65	2.32526365	0.720410661568556	0.432265210725643
3.7	2.3592957	0.705288484991355	0.456234925285209
3.75	2.39332775	0.689371186191797	0.478993058290365
3.8	2.4273598	0.67269999777392	0.500539609741112
3.85	2.46139185	0.655316152341763	0.520874579637448
3.9	2.4954239	0.637260882499365	0.539997967979375
3.95	2.52945595	0.618575420850764	0.557909774766893
4	2.563488	0.599301	0.574610
4.05	2.5975258	0.57961962218807	0.581665235158853
4.1	2.6315636	0.55971517096656	0.587717392932563
4.15	2.6656014	0.53962178888289	0.592766473321131
4.2	2.6996392	0.51937361848448	0.596812476324557
4.25	2.733677	0.49900480231875	0.59985540194284
4.3	2.7677148	0.47854948293312	0.601895250175981
4.35	2.8017526	0.45804180287501	0.602932021023979
4.4	2.8357904	0.43751590469184	0.602965714486835
4.45	2.8698282	0.41700593093103	0.601996330564549
4.5	2.903866	0.39654602414	0.60002386925712
4.55	2.9379038	0.37617032686617	0.597048330564549
4.6	2.9719416	0.35591298165696	0.593069714486835
4.65	3.0059794	0.33580813105979	0.588088021023979
4.7	3.0400172	0.31588991762208	0.582103250175981
4.75	3.074055	0.29619248389125	0.57511540194284
4.8	3.1080928	0.27674997241472	0.567124476324557
4.85	3.1421306	0.25759652573991	0.558130473321131
4.9	3.1761684	0.23876628641424	0.548133392932563
4.95	3.2102062	0.22029339698513	0.537133235158853
5	3.244244	0.202212	0.525130
5.05	3.27818925	0.184794973607919	0.501015836515971
5.1	3.3121345	0.16820033600535	0.476676163924997
5.15	3.34607975	0.152435742155306	0.452110982227079
5.2	3.380025	0.1375088470208	0.427320291422217
5.25	3.41397025	0.123427305564844	0.40230409151041
5.3	3.4479155	0.11019877275045	0.377062382491659
5.35	3.48186075	0.0978309035406313	0.351595164365964
5.4	3.515806	0.0863313528984	0.325902437133325
5.45	3.54975125	0.0757077757867688	0.299984200793741
5.5	3.5836965	0.06596782716875	0.273840455347214
5.55	3.61764175	0.0571191620073563	0.247471200793741
5.6	3.651587	0.0491694352656	0.220876437133325
5.65	3.68553225	0.0421263019064937	0.194056164365964
5.7	3.7194775	0.03599741689305	0.16701038249166
5.75	3.75342275	0.0307904351882813	0.13973909151041
5.8	3.787368	0.0265130117552	0.112242291422217
5.85	3.82131325	0.0231728015568187	0.0845199822270791
5.9	3.8552585	0.02077745955615	0.056572163924997
5.95	3.88920375	0.0193346407162062	0.0283988365159707
6	3.923149	0.018852	0.000000