0	0.000000	0.000000	0.000000
0.05	0.0247113	0.00036580293886725	-0.0295443598210839
0.1	0.0494226	0.001457106399918	-0.0587181186083695
0.15	0.0741339	0.00326475234982575	-0.0875212763618568
0.2	0.0988452	0.005779582755264	-0.115953833081546
0.25	0.1235565	0.00899243958290626	-0.144015788767436
0.3	0.1482678	0.012894164799426	-0.171707143419529
0.35	0.1729791	0.0174756003714968	-0.199027897037823
0.4	0.1976904	0.022727588265792	-0.225978049622319
0.45	0.2224017	0.0286409704489853	-0.252557601173016
0.5	0.247113	0.03520658888775	-0.278766551689915
0.55	0.2718243	0.0424152855487598	-0.304604901173016
0.6	0.2965356	0.050257902398688	-0.330072649622319
0.65	0.3212469	0.0587252814042083	-0.355169797037823
0.7	0.3459582	0.067808264531994	-0.379896343419529
0.75	0.3706695	0.0774976937487188	-0.404252288767436
0.8	0.3953808	0.0877844110210561	-0.428237633081546
0.85	0.4200921	0.0986592583156793	-0.451852376361857
0.9	0.4448034	0.110113077599262	-0.47509651860837
0.95	0.4695147	0.122136710838478	-0.497970059821084
1	0.494226	0.134721	-0.520473
1.05	0.5192721	0.147875158457036	-0.52973297444707
1.1	0.5443182	0.16124698398765	-0.537854314741816
1.15	0.5693643	0.174807958246999	-0.544837020884239
1.2	0.5944104	0.18852956289024	-0.55068109287434
1.25	0.6194565	0.202383279572531	-0.555386530712117
1.3	0.6445026	0.21634058994903	-0.558953334397571
1.35	0.6695487	0.230372975674894	-0.561381503930702
1.4	0.6945948	0.24445191840528	-0.56267103931151
1.45	0.7196409	0.258548899795346	-0.562821940539994
1.5	0.744687	0.27263540150025	-0.561834207616156
1.55	0.7697331	0.286682905175149	-0.559707840539994
1.6	0.7947792	0.3006628924752	-0.55644283931151
1.65	0.8198253	0.314546845055561	-0.552039203930702
1.7	0.8448714	0.32830624457139	-0.546496934397571
1.75	0.8699175	0.341912572677844	-0.539816030712117
1.8	0.8949636	0.35533731103008	-0.53199649287434
1.85	0.9200097	0.368551941283256	-0.52303832088424
1.9	0.9450558	0.38152794509253	-0.512941514741816
1.95	0.9701019	0.394236804113059	-0.50170607444707
2	0.995148	0.406650	-0.489332
2.05	1.02018465	0.418605056425226	-0.465659782153228
2.1	1.0452213	0.429966486274081	-0.441911392500854
2.15	1.07025795	0.440732382459727	-0.418086831042876
2.2	1.0952946	0.450900837895328	-0.394186097779296
2.25	1.12033125	0.460469945494047	-0.370209192710112
2.3	1.1453679	0.469437798169047	-0.346156115835326
2.35	1.17040455	0.477802488833492	-0.322026867154936
2.4	1.1954412	0.485562110400544	-0.297821446668943
2.45	1.22047785	0.492714755783367	-0.273539854377348
2.5	1.2455145	0.499258517895125	-0.249182090280149
2.55	1.27055115	0.50519148964898	-0.224748154377348
2.6	1.2955878	0.510511763958096	-0.200238046668943
2.65	1.32062445	0.515217433735636	-0.175651767154936
2.7	1.3456611	0.519306591894763	-0.150989315835325
2.75	1.37069775	0.522777331348641	-0.126250692710112
2.8	1.3957344	0.525627745010432	-0.101435897779296
2.85	1.42077105	0.5278559257933	-0.0765449310428762
2.9	1.4458077	0.529459966610409	-0.0515777925008538
2.95	1.47084435	0.530437960374921	-0.0265344821532284
3	1.495881	0.530788	-0.001415
3.05	1.5198619	0.530479054851764	0.0270614062296661
3.1	1.5438428	0.529495819033332	0.0548206433825253
3.15	1.5678237	0.527855490904618	0.0818627114585775
3.2	1.5918046	0.525575268825536	0.108187610457823
3.25	1.6157855	0.522672351156	0.133795340380261
3.3	1.6397664	0.519163936255924	0.158685901225892
3.35	1.6637473	0.515067222485222	0.182859292994717
3.4	1.6877282	0.510399408203808	0.206315515686734
3.45	1.7117091	0.505177691771596	0.229054569301945
3.5	1.73569	0.4994192715485	0.251076453840348
3.55	1.7596709	0.493141345894434	0.272381169301945
3.6	1.7836518	0.486361113169312	0.292968715686734
3.65	1.8076327	0.479095771733048	0.312839092994717
3.7	1.8316136	0.471362519945556	0.331992301225892
3.75	1.8555945	0.46317855616675	0.350428340380261
3.8	1.8795754	0.454561078756544	0.368147210457823
3.85	1.9035563	0.445527286074852	0.385148911458577
3.9	1.9275372	0.436094376481588	0.401433443382525
3.95	1.9515181	0.426279548336666	0.417000806229666
4	1.975499	0.416100	0.431851
4.05	1.99977475	0.405416771947233	0.448032546380673
4.1	2.0240505	0.394360594033365	0.462577124721275
4.15	2.04832625	0.382971204885294	0.475484735021807
4.2	2.072602	0.37128834312992	0.486755377282267
4.25	2.09687775	0.359351747394141	0.496389051502657
4.3	2.1211535	0.347201156304855	0.504385757682976
4.35	2.14542925	0.334876308488962	0.510745495823224
4.4	2.169705	0.32241694257336	0.515468265923401
4.45	2.19398075	0.309862797184948	0.518554067983507
4.5	2.2182565	0.297253610950625	0.520002902003543
4.55	2.24253225	0.284629122497289	0.519814767983507
4.6	2.266808	0.27202907045184	0.517989665923401
4.65	2.29108375	0.259493193441176	0.514527595823224
4.7	2.3153595	0.247061230092195	0.509428557682976
4.75	2.33963525	0.234772919031797	0.502692551502657
4.8	2.363911	0.22266799888688	0.494319577282267
4.85	2.38818675	0.210786208284343	0.484309635021807
4.9	2.4124625	0.199167285851085	0.472662724721276
4.95	2.43673825	0.187850970214004	0.459378846380673
5	2.461014	0.176877	0.444458
5.05	2.4855185	0.166221158492448	0.425194944061601
5.1	2.510023	0.15604116588118	0.405620325590402
5.15	2.5345275	0.146344656850283	0.385734144586403
5.2	2.559032	0.13713926608384	0.365536401049603
5.25	2.5835365	0.128432628265938	0.345027094980004
5.3	2.608041	0.12023237808066	0.324206226377604
5.35	2.6325455	0.112546150212093	0.303073795242405
5.4	2.65705	0.10538157934432	0.281629801574405
5.45	2.6815545	0.0987463001614275	0.259874245373605
5.5	2.706059	0.0926479473475	0.237807126640005
5.55	2.7305635	0.0870941555866225	0.215428445373605
5.6	2.755068	0.08209255956288	0.192738201574405
5.65	2.7795725	0.0776507939603575	0.169736395242405
5.7	2.804077	0.07377649346314	0.146423026377604
5.75	2.8285815	0.0704772927553125	0.122798094980004
5.8	2.853086	0.06776082652096	0.0988616010496032
5.85	2.8775905	0.0656347294441675	0.0746135445864026
5.9	2.902095	0.06410663620902	0.0500539255904018
5.95	2.9265995	0.0631841814996025	0.025182744061601
6	2.951104	0.062875	0.000000