0	0.000000	0.000000	0.000000
0.05	0.02440505	0.00038635915519875	-0.0315218382699995
0.1	0.0488101	0.00153173153549	-0.0622013251431569
0.15	0.07321515	0.00341555951291625	-0.0920384606194722
0.2	0.0976202	0.00601728545952	-0.121033244698946
0.25	0.12202525	0.00931635174734375	-0.149185677381577
0.3	0.1464303	0.01329220074843	-0.176495758667366
0.35	0.17083535	0.0179242748348213	-0.202963488556313
0.4	0.1952404	0.02319201637856	-0.228588867048418
0.45	0.21964545	0.0290748677516888	-0.253371894143681
0.5	0.2440505	0.03555227132625	-0.277312569842102
0.55	0.26845555	0.0426036694742863	-0.300410894143681
0.6	0.2928606	0.05020850456784	-0.322666867048418
0.65	0.31726565	0.0583462189789538	-0.344080488556313
0.7	0.3416707	0.06699625507967	-0.364651758667366
0.75	0.36607575	0.0761380552420313	-0.384380677381577
0.8	0.3904808	0.08575106183808	-0.403267244698946
0.85	0.41488585	0.0958147172398588	-0.421311460619472
0.9	0.4392909	0.10630846381941	-0.438513325143157
0.95	0.46369595	0.117211743948776	-0.454872838269999
1	0.488101	0.128504	-0.470390
1.05	0.51225675	0.139969427511104	-0.478729082993128
1.1	0.5364125	0.15162377662663	-0.486031957250137
1.15	0.56056825	0.163442016947401	-0.492298622771028
1.2	0.584724	0.17539911807424	-0.497529079555799
1.25	0.60887975	0.187470049607969	-0.501723327604452
1.3	0.6330355	0.19962978114941	-0.504881366916987
1.35	0.65719125	0.211853282299386	-0.507003197493402
1.4	0.681347	0.22411552265872	-0.508088819333699
1.45	0.70550275	0.236391471828234	-0.508138232437877
1.5	0.7296585	0.24865609940875	-0.507151436805937
1.55	0.75381425	0.260884375001091	-0.505128432437877
1.6	0.77797	0.27305126820608	-0.502069219333699
1.65	0.80212575	0.285131748624539	-0.497973797493402
1.7	0.8262815	0.29710078585729	-0.492842166916987
1.75	0.85043725	0.308933349505156	-0.486674327604453
1.8	0.874593	0.32060440916896	-0.479470279555799
1.85	0.89874875	0.332088934449524	-0.471230022771028
1.9	0.9229045	0.34336189494767	-0.461953557250137
1.95	0.94706025	0.354398260264221	-0.451640882993128
2	0.971216	0.365173	-0.440292
2.05	0.9954195	0.375617854733919	-0.422718976459241
2.1	1.019623	0.38563191089525	-0.404693960659615
2.15	1.0438265	0.395204228689356	-0.386216952601122
2.2	1.06803	0.4043238683216	-0.36728795228376
2.25	1.0922335	0.412979889997344	-0.347906959707532
2.3	1.116437	0.42116135392195	-0.328073974872436
2.35	1.1406405	0.428857320300781	-0.307788997778472
2.4	1.164844	0.4360568493392	-0.287052028425641
2.45	1.1890475	0.442749001242569	-0.265863066813942
2.5	1.213251	0.44892283621625	-0.244222112943376
2.55	1.2374545	0.454567414465606	-0.222129166813942
2.6	1.261658	0.459671796196	-0.199584228425641
2.65	1.2858615	0.464225041612794	-0.176587297778472
2.7	1.310065	0.46821621092135	-0.153138374872436
2.75	1.3342685	0.471634364327031	-0.129237459707532
2.8	1.358472	0.4744685620352	-0.10488455228376
2.85	1.3826755	0.476707864251219	-0.0800796526011217
2.9	1.406879	0.47834133118045	-0.0548227606596152
2.95	1.4310825	0.479358023028256	-0.0291138764592414
3	1.455286	0.479747	-0.002953
3.05	1.47947705	0.479462004994057	0.0264002173925326
3.1	1.5036681	0.478475256449257	0.0550646171647986
3.15	1.52785915	0.476803417587092	0.083040199316798
3.2	1.5520502	0.474463151629056	0.110326963848531
3.25	1.57624125	0.471471121796641	0.136924910759997
3.3	1.6004323	0.467843991311339	0.162834040051197
3.35	1.62462335	0.463598423394644	0.18805435172213
3.4	1.6488144	0.458751081268048	0.212585845772796
3.45	1.67300545	0.453318628153044	0.236428522203196
3.5	1.6971965	0.447317727271125	0.259582381013329
3.55	1.72138755	0.440765041843783	0.282047422203196
3.6	1.7455786	0.433677235092512	0.303823645772796
3.65	1.76976965	0.426070970238804	0.32491105172213
3.7	1.7939607	0.417962910504151	0.345309640051197
3.75	1.81815175	0.409369719110047	0.365019410759997
3.8	1.8423428	0.400308059277984	0.384040363848531
3.85	1.86653385	0.390794594229455	0.402372499316798
3.9	1.8907249	0.380845987185953	0.420015817164799
3.95	1.91491595	0.37047890136897	0.436970317392533
4	1.939107	0.359710	0.453236
4.05	1.9633029	0.348531286563296	0.470524669638978
4.1	1.9874988	0.336952876465546	0.486274379315958
4.15	2.0116947	0.325012006228095	0.500485129030941
4.2	2.0358906	0.312745912372288	0.513156918783926
4.25	2.0600865	0.300191831419469	0.524289748574914
4.3	2.0842824	0.287386999890982	0.533883618403903
4.35	2.1084783	0.274368654308172	0.541938528270895
4.4	2.1326742	0.261174031192384	0.548454478175889
4.45	2.1568701	0.247840367064962	0.553431468118886
4.5	2.181066	0.23440489844725	0.556869498099885
4.55	2.2052619	0.220904861860593	0.558768568118886
4.6	2.2294578	0.207377493826336	0.559128678175889
4.65	2.2536537	0.193860030865823	0.557949828270895
4.7	2.2778496	0.180389709500398	0.555232018403903
4.75	2.3020455	0.167003766251406	0.550975248574914
4.8	2.3262414	0.153739437640192	0.545179518783926
4.85	2.3504373	0.1406339601881	0.537844829030941
4.9	2.3746332	0.127724570416474	0.528971179315959
4.95	2.3988291	0.115048504846659	0.518558569638978
5	2.423025	0.102643	0.506607
5.05	2.44744335	0.0904365313977989	0.492966250117161
5.1	2.4718617	0.078578170597711	0.478095016011463
5.15	2.49628005	0.0670979639941596	0.461993297682905
5.2	2.5206984	0.056025957981568	0.444661095131489
5.25	2.54511675	0.0453921989543594	0.426098408357214
5.3	2.5695351	0.035226733306957	0.40630523736008
5.35	2.59395345	0.0255596074337841	0.385281582140086
5.4	2.6183718	0.016420867729264	0.363027442697234
5.45	2.64279015	0.00784056058781986	0.339542819031522
5.5	2.6672085	-0.000151267596125021	0.314827711142952
5.55	2.69162685	-0.0075245704281474	0.288882119031522
5.6	2.7160452	-0.014249301513824	0.261706042697234
5.65	2.74046355	-0.0202954144587317	0.233299482140086
5.7	2.7648819	-0.025632862868447	0.20366243736008
5.75	2.78930025	-0.0302316003485469	0.172794908357214
5.8	2.8137186	-0.034061580504608	0.140696895131489
5.85	2.83813695	-0.0370927569422072	0.107368397682906
5.9	2.8625553	-0.039295083266921	0.0728094160114627
5.95	2.88697365	-0.0406385130843264	0.037019950117161
6	2.911392	-0.041093	0.000000