0	0.000000	0.000000	0.000000
0.05	0.0255771	0.000425041946838	-0.0331408133241845
0.1	0.0511542	0.001690415798544	-0.0657097094563496
0.15	0.0767313	0.003781493571906	-0.0977066883964953
0.2	0.1023084	0.006683647283712	-0.129131750144622
0.25	0.1278855	0.01038224895075	-0.159984894700728
0.3	0.1534626	0.014862670589808	-0.190266122064816
0.35	0.1790397	0.020110284217674	-0.219975432236884
0.4	0.2046168	0.026110461851136	-0.249112825216932
0.45	0.2301939	0.032848575506982	-0.277678301004961
0.5	0.255771	0.040309997202	-0.305671859600971
0.55	0.2813481	0.048480098952978	-0.333093501004961
0.6	0.3069252	0.057344252776704	-0.359943225216932
0.65	0.3325023	0.066887830689966	-0.386221032236884
0.7	0.3580794	0.077096204709552	-0.411926922064816
0.75	0.3836565	0.08795474685225	-0.437060894700728
0.8	0.4092336	0.099448829134848	-0.461622950144622
0.85	0.4348107	0.111563823574134	-0.485613088396495
0.9	0.4603878	0.124285102186896	-0.50903130945635
0.95	0.4859649	0.137598036989922	-0.531877613324184
1	0.511542	0.151488	-0.554152
1.05	0.53747395	0.16605283045912	-0.56888630307687
1.1	0.5634059	0.180978486744618	-0.581980668987755
1.15	0.58933785	0.196222442087903	-0.593435097732652
1.2	0.6152698	0.211742169720384	-0.603249589311564
1.25	0.64120175	0.227495142873469	-0.611424143724489
1.3	0.6671337	0.243438834778566	-0.617958760971427
1.35	0.69306565	0.259530718667084	-0.622853441052379
1.4	0.7189976	0.275728267770432	-0.626108183967345
1.45	0.74492955	0.291988955320018	-0.627722989716325
1.5	0.7708615	0.30827025454725	-0.627697858299318
1.55	0.79679345	0.324529638683537	-0.626032789716325
1.6	0.8227254	0.340724580960288	-0.622727783967345
1.65	0.84865735	0.356812554608911	-0.617782841052379
1.7	0.8745893	0.372751032860814	-0.611197960971427
1.75	0.90052125	0.388497488947406	-0.602973143724489
1.8	0.9264532	0.404009396100096	-0.593108389311564
1.85	0.95238515	0.419244227550292	-0.581603697732652
1.9	0.9783171	0.434159456529402	-0.568459068987754
1.95	1.00424905	0.448712556268835	-0.55367450307687
2	1.030181	0.462861	-0.537250
2.05	1.0558939	0.476430766078637	-0.518104541798348
2.1	1.0816068	0.489498327826678	-0.498187558144239
2.15	1.1073197	0.502043847087316	-0.477499049037672
2.2	1.1330326	0.514047485703744	-0.456039014478647
2.25	1.1587455	0.525489405519156	-0.433807454467164
2.3	1.1844584	0.536349768376746	-0.410804369003224
2.35	1.2101713	0.546608736119707	-0.387029758086826
2.4	1.2358842	0.556246470591232	-0.362483621717971
2.45	1.2615971	0.565243133634515	-0.337165959896657
2.5	1.28731	0.57357888709275	-0.311076772622886
2.55	1.3130229	0.58123389280913	-0.284216059896657
2.6	1.3387358	0.588188312626848	-0.256583821717971
2.65	1.3644487	0.594422308389098	-0.228180058086826
2.7	1.3901616	0.599916041939074	-0.199004769003224
2.75	1.4158745	0.604649675119969	-0.169057954467164
2.8	1.4415874	0.608603369774976	-0.138339614478647
2.85	1.4673003	0.611757287747289	-0.106849749037672
2.9	1.4930132	0.614091590880102	-0.074588358144239
2.95	1.5187261	0.615586441016608	-0.0415554417983484
3	1.544439	0.616222	-0.007751
3.05	1.5687536	0.616080408035708	0.0193347773394381
3.1	1.5930682	0.61528482327798	0.0460432465378827
3.15	1.6173828	0.613844419823343	0.0723744075953338
3.2	1.6416974	0.61176837176832	0.0983282605117914
3.25	1.666012	0.609065853209438	0.123904805287256
3.3	1.6903266	0.60574603824322	0.149104041921726
3.35	1.7146412	0.601818100966192	0.173925970415203
3.4	1.7389558	0.59729121547488	0.198370590767687
3.45	1.7632704	0.592174555865807	0.222437902979177
3.5	1.787585	0.5864772962355	0.246127907049674
3.55	1.8118996	0.580208610680482	0.269440602979177
3.6	1.8362142	0.57337767329728	0.292375990767687
3.65	1.8605288	0.565993658182418	0.314934070415203
3.7	1.8848434	0.55806573943242	0.337114841921726
3.75	1.909158	0.549603091143812	0.358918305287256
3.8	1.9334726	0.54061488741312	0.380344460511791
3.85	1.9577872	0.531110302336868	0.401393307595334
3.9	1.9821018	0.52109851001158	0.422064846537883
3.95	2.0064164	0.510588684533782	0.442359077339438
4	2.030731	0.499590	0.462276
4.05	2.05512765	0.488162849240116	0.474300580460924
4.1	2.0795243	0.476457250463528	0.485102741925961
4.15	2.10392095	0.464503026598632	0.494682484395112
4.2	2.1283176	0.452330000573824	0.503039807868375
4.25	2.15271425	0.4399679953175	0.510174712345753
4.3	2.1771109	0.427446833758056	0.516087197827243
4.35	2.20150755	0.414796338823888	0.520777264312846
4.4	2.2259042	0.402046333443392	0.524244911802563
4.45	2.25030085	0.389226640544964	0.526490140296393
4.5	2.2746975	0.376367083057	0.527512949794337
4.55	2.29909415	0.363497483907896	0.527313340296393
4.6	2.3234908	0.350647666026048	0.525891311802563
4.65	2.34788745	0.337847452339852	0.523246864312846
4.7	2.3722841	0.325126665777704	0.519379997827243
4.75	2.39668075	0.312515129268	0.514290712345753
4.8	2.4210774	0.300042665739136	0.507979007868375
4.85	2.44547405	0.287739098119508	0.500444884395112
4.9	2.4698707	0.275634249337512	0.491688341925961
4.95	2.49426735	0.263757942321544	0.481709380460924
5	2.518664	0.252140	0.470508
5.05	2.5434252	0.240715980722636	0.452137082284057
5.1	2.5681864	0.229753564842848	0.433223587485582
5.15	2.5929476	0.219266187220292	0.413767515604575
5.2	2.6177088	0.209267282714624	0.393768866641035
5.25	2.64247	0.1997702861855	0.373227640594963
5.3	2.6672312	0.190788632492576	0.352143837466358
5.35	2.6919924	0.182335756495508	0.330517457255222
5.4	2.7167536	0.174425093053952	0.308348499961552
5.45	2.7415148	0.167070077027564	0.285636965585351
5.5	2.766276	0.160284143276	0.262382854126617
5.55	2.7910372	0.154080726658916	0.238586165585351
5.6	2.8157984	0.148473262035968	0.214246899961552
5.65	2.8405596	0.143475184266812	0.189365057255222
5.7	2.8653208	0.139099928211104	0.163940637466358
5.75	2.890082	0.1353609287285	0.137973640594963
5.8	2.9148432	0.132271620678656	0.111464066641035
5.85	2.9396044	0.129845438921228	0.0844119156045747
5.9	2.9643656	0.128095818315872	0.0568171874855821
5.95	2.9891268	0.127036193722244	0.0286798822840571
6	3.013888	0.126680	0.000000