0	0.000000	0.000000	0.000000
0.05	0.0253392	0.00043713753152	-0.0343838871377155
0.1	0.0506784	0.00173649064576	-0.0680538914188293
0.15	0.0760176	0.00387997012224	-0.101010012843342
0.2	0.1013568	0.00684948674048	-0.133252251411252
0.25	0.126696	0.01062695128	-0.164780607122561
0.3	0.1520352	0.01519427452032	-0.195595079977268
0.35	0.1773744	0.02053336724096	-0.225695669975374
0.4	0.2027136	0.02662614022144	-0.255082377116878
0.45	0.2280528	0.03345450424128	-0.283755201401781
0.5	0.253392	0.04100037008	-0.311714142830081
0.55	0.2787312	0.04924564851712	-0.338959201401781
0.6	0.3040704	0.05817225033216	-0.365490377116878
0.65	0.3294096	0.06776208630464	-0.391307669975374
0.7	0.3547488	0.07799706721408	-0.416411079977268
0.75	0.380088	0.08885910384	-0.440800607122561
0.8	0.4054272	0.10033010696192	-0.464476251411252
0.85	0.4307664	0.11239198735936	-0.487438012843341
0.9	0.4561056	0.12502665581184	-0.509685891418829
0.95	0.4814448	0.13821602309888	-0.531219887137715
1	0.506784	0.151942	-0.552040
1.05	0.5319643	0.166009229322003	-0.565021444620388
1.1	0.5571446	0.180383786263886	-0.576450163491261
1.15	0.5823249	0.195026572725458	-0.58632615661262
1.2	0.6075052	0.209898490606528	-0.594649423984464
1.25	0.6326855	0.224960441806906	-0.601419965606794
1.3	0.6578658	0.240173328226402	-0.606637781479609
1.35	0.6830461	0.255498051764825	-0.61030287160291
1.4	0.7082264	0.270895514321984	-0.612415235976696
1.45	0.7334067	0.286326617797689	-0.612974874600968
1.5	0.758587	0.30175226409175	-0.611981787475725
1.55	0.7837673	0.317133355103976	-0.609435974600968
1.6	0.8089476	0.332430792734176	-0.605337435976696
1.65	0.8341279	0.34760547888216	-0.59968617160291
1.7	0.8593082	0.362618315447738	-0.592482181479609
1.75	0.8844885	0.377430204330719	-0.583725465606794
1.8	0.9096688	0.392002047430912	-0.573416023984464
1.85	0.9348491	0.406294746648127	-0.56155385661262
1.9	0.9600294	0.420269203882174	-0.548138963491261
1.95	0.9852097	0.433886321032862	-0.533171344620388
2	1.010390	0.447107	-0.516651
2.05	1.03547175	0.459824448584905	-0.49731700525392
2.1	1.0605535	0.47204855128499	-0.477311967849532
2.15	1.08563525	0.48376247717606	-0.456635887786837
2.2	1.110717	0.49494939533392	-0.435288765065835
2.25	1.13579875	0.505592474834375	-0.413270599686525
2.3	1.1608805	0.51567488475323	-0.390581391648908
2.35	1.18596225	0.52517979416629	-0.367221140952984
2.4	1.211044	0.53409037214936	-0.343189847598752
2.45	1.23612575	0.542389787778245	-0.318487511586213
2.5	1.2612075	0.55006121012875	-0.293114132915367
2.55	1.28628925	0.55708780827668	-0.267069711586213
2.6	1.311371	0.56345275129784	-0.240354247598752
2.65	1.33645275	0.569139208268035	-0.212967740952984
2.7	1.3615345	0.57413034826307	-0.184910191648908
2.75	1.38661625	0.57840934035875	-0.156181599686525
2.8	1.411698	0.58195935363088	-0.126781965065835
2.85	1.43677975	0.584763557155265	-0.096711287786837
2.9	1.4618615	0.58680512000771	-0.065969567849532
2.95	1.48694325	0.58806721126402	-0.0345568052539197
3	1.512025	0.588533	-0.002473
3.05	1.53697065	0.588191905823969	0.0297109858028704
3.1	1.5619163	0.587056118477051	0.0612409678370177
3.15	1.58686195	0.58514195250836	0.0921169461024417
3.2	1.6118076	0.582465722467008	0.122338920599143
3.25	1.63675325	0.579043742902109	0.15190689132712
3.3	1.6616989	0.574892328362777	0.180820858286375
3.35	1.68664455	0.570027793398124	0.209080821476906
3.4	1.7115902	0.564466452557264	0.236686780898714
3.45	1.73653585	0.55822462038931	0.263638736551799
3.5	1.7614815	0.551318611443375	0.28993668843616
3.55	1.78642715	0.543764740268573	0.315580636551799
3.6	1.8113728	0.535579321414016	0.340570580898714
3.65	1.83631845	0.526778669428818	0.364906521476906
3.7	1.8612641	0.517379098862093	0.388588458286375
3.75	1.88620975	0.507396924262953	0.41161639132712
3.8	1.9111554	0.496848460180512	0.433990320599143
3.85	1.93610105	0.485750021163883	0.455710246102442
3.9	1.9610467	0.474117921762179	0.476776167837018
3.95	1.98599235	0.461968476524514	0.49718808580287
4	2.010938	0.449318	0.516946
4.05	2.03603805	0.436124494559561	0.534063770941288
4.1	2.0611381	0.422521171451897	0.549600729151914
4.15	2.08623815	0.408547709155589	0.563556874631878
4.2	2.1113382	0.394243786149216	0.575932207381181
4.25	2.13643825	0.379649080911359	0.586726727399821
4.3	2.1615383	0.364803271920599	0.5959404346878
4.35	2.18663835	0.349746037655515	0.603573329245116
4.4	2.2117384	0.334517056594688	0.609625411071771
4.45	2.23683845	0.319156007216698	0.614096680167764
4.5	2.2619385	0.303702568000125	0.616987136533095
4.55	2.28703855	0.28819641742355	0.618296780167764
4.6	2.3121386	0.272677233965552	0.618025611071771
4.65	2.33723865	0.257184696104712	0.616173629245116
4.7	2.3623387	0.241758482319611	0.6127408346878
4.75	2.38743875	0.226438271088828	0.607727227399821
4.8	2.4125388	0.211263740890944	0.601132807381181
4.85	2.43763885	0.196274570204539	0.592957574631878
4.9	2.4627389	0.181510437508193	0.583201529151914
4.95	2.48783895	0.167011021280487	0.571864670941288
5	2.512939	0.152816	0.558947
5.05	2.53811695	0.138994967994168	0.538784362589483
5.1	2.5632949	0.125691905817787	0.517802281748494
5.15	2.58847285	0.112927445376576	0.496000757477033
5.2	2.6136508	0.100722218576256	0.473379789775101
5.25	2.63882875	0.0890968573225469	0.449939378642696
5.3	2.6640067	0.078071993521169	0.42567952407982
5.35	2.68918465	0.0676682590778426	0.400600226086471
5.4	2.7143626	0.057906285898288	0.374701484662651
5.45	2.73954055	0.0488067058882254	0.347983299808359
5.5	2.7647185	0.040390150953375	0.320445671523595
5.55	2.78989645	0.0326772529994571	0.292088599808359
5.6	2.8150744	0.025688643932192	0.262912084662651
5.65	2.84025235	0.0194449556572999	0.232916126086471
5.7	2.8654303	0.013966820080501	0.20210072407982
5.75	2.89060825	0.0092748691075156	0.170465878642696
5.8	2.9157862	0.005389734644064	0.138011589775101
5.85	2.94096415	0.00233204859586639	0.104737857477033
5.9	2.9661421	0.000122442868642991	0.0706446817484942
5.95	2.99132005	-0.00121845063188586	0.0357320625894831
6	3.016498	-0.001670	0.000000