0	0.000000	0.000000	0.000000
0.05	0.0261096	0.00045170010988	-0.0345261826776358
0.1	0.0522192	0.00179905883744	-0.0686076092839416
0.15	0.0783288	0.00403046377956	-0.102244279818917
0.2	0.1044384	0.00713430253312	-0.135436194282563
0.25	0.130548	0.011098962695	-0.168183352674878
0.3	0.1566576	0.01591283186208	-0.200485754995864
0.35	0.1827672	0.02156429763124	-0.232343401245519
0.4	0.2088768	0.02804174759936	-0.263756291423844
0.45	0.2349864	0.03533356936332	-0.294724425530839
0.5	0.261096	0.04342815052	-0.325247803566504
0.55	0.2872056	0.05231387866628	-0.355326425530839
0.6	0.3133152	0.06197914139904	-0.384960291423844
0.65	0.3394248	0.07241232631516	-0.414149401245519
0.7	0.3655344	0.08360182101152	-0.442893754995864
0.75	0.391644	0.095536013085	-0.471193352674878
0.8	0.4177536	0.10820329013248	-0.499048194282563
0.85	0.4438632	0.12159203975084	-0.526458279818917
0.9	0.4699728	0.13569064953696	-0.553423609283942
0.95	0.4960824	0.15048750708772	-0.579944182677636
1	0.522192	0.165971	-0.606020
1.05	0.54850255	0.182087146656044	-0.618801181515424
1.1	0.5748131	0.198519850103105	-0.630083107081855
1.15	0.60112365	0.215229664092573	-0.639865776699295
1.2	0.6274342	0.23217714237584	-0.648149190367742
1.25	0.65374475	0.249322838704297	-0.654933348087198
1.3	0.6800553	0.266627306829335	-0.660218249857662
1.35	0.70636585	0.284051100502346	-0.664003895679134
1.4	0.7326764	0.30155477347472	-0.666290285551614
1.45	0.75898695	0.319098879497849	-0.667077419475102
1.5	0.7852975	0.336643972323125	-0.666365297449597
1.55	0.81160805	0.354150605701938	-0.664153919475102
1.6	0.8379186	0.37157933338568	-0.660443285551614
1.65	0.86422915	0.388890709125742	-0.655233395679134
1.7	0.8905397	0.406045286673515	-0.648524249857662
1.75	0.91685025	0.423003619780391	-0.640315848087198
1.8	0.9431608	0.43972626219776	-0.630608190367743
1.85	0.96947135	0.456173767677014	-0.619401276699295
1.9	0.9957819	0.472306689969545	-0.606695107081855
1.95	1.02209245	0.488085582826743	-0.592489681515424
2	1.048403	0.503471	-0.576785
2.05	1.07450415	0.518214355680309	-0.552845539336068
2.1	1.1006053	0.532326698280431	-0.528433637689393
2.15	1.12670645	0.54579569654741	-0.503549295059973
2.2	1.1528076	0.558609019228288	-0.47819251144781
2.25	1.17890875	0.570754335070109	-0.452363286852902
2.3	1.2050099	0.582219312819917	-0.42606162127525
2.35	1.23111105	0.592991621224754	-0.399287514714854
2.4	1.2572122	0.603058929031664	-0.372040967171715
2.45	1.28331335	0.61240890498769	-0.344321978645831
2.5	1.3094145	0.621029217839875	-0.316130549137203
2.55	1.33551565	0.628907536335263	-0.287466678645831
2.6	1.3616168	0.636031529220896	-0.258330367171715
2.65	1.38771795	0.642388865243818	-0.228721614714854
2.7	1.4138191	0.647967213151073	-0.19864042127525
2.75	1.43992025	0.652754241689703	-0.168086786852902
2.8	1.4660214	0.656737619606752	-0.13706071144781
2.85	1.49212255	0.659905015649263	-0.105562195059973
2.9	1.5182237	0.662244098564279	-0.0735912376893929
2.95	1.54432485	0.663742537098844	-0.0411478393360685
3	1.570426	0.664388	-0.008232
3.05	1.59492085	0.664177118373642	0.025288991787243
3.1	1.6194157	0.663157009473914	0.0578412581231973
3.15	1.64391055	0.661351402085437	0.0894247990078629
3.2	1.6684054	0.658784024992832	0.12003961444124
3.25	1.69290025	0.655478606980719	0.149685704423328
3.3	1.7173951	0.651458876833718	0.178363068954127
3.35	1.74188995	0.64674856333645	0.206071708033638
3.4	1.7663848	0.641371395273536	0.232811621661859
3.45	1.79087965	0.635351101429596	0.258582809838793
3.5	1.8153745	0.62871141058925	0.283385272564437
3.55	1.83986935	0.621476051537119	0.307219009838793
3.6	1.8643642	0.613668753057824	0.33008402166186
3.65	1.88885905	0.605313243935985	0.351980308033638
3.7	1.9133539	0.596433252956222	0.372907868954127
3.75	1.93784875	0.587052508903156	0.392866704423328
3.8	1.9623436	0.577194740561408	0.41185681444124
3.85	1.98683845	0.566883676715598	0.429878199007863
3.9	2.0113333	0.556143046150346	0.446930858123197
3.95	2.03582815	0.544996577650273	0.463014791787243
4	2.060323	0.533468	0.478130
4.05	2.0848877	0.521546987393037	0.492202488164103
4.1	2.1094524	0.509298584561834	0.504785340731985
4.15	2.1340171	0.496759383957922	0.515878557703646
4.2	2.1585818	0.483965978032832	0.525482139079085
4.25	2.1831465	0.470954959238094	0.533596084858303
4.3	2.2077112	0.457762920025238	0.540220395041299
4.35	2.2322759	0.444426452845795	0.545355069628074
4.4	2.2568406	0.430982150151296	0.549000108618628
4.45	2.2814053	0.417466604393271	0.55115551201296
4.5	2.30597	0.40391640802325	0.551821279811071
4.55	2.3305347	0.390368153492764	0.55099741201296
4.6	2.3550994	0.376858433253344	0.548683908618628
4.65	2.3796641	0.36342383975652	0.544880769628074
4.7	2.4042288	0.350100965453822	0.539587995041299
4.75	2.4287935	0.336926402796781	0.532805584858303
4.8	2.4533582	0.323936744236928	0.524533539079085
4.85	2.4779229	0.311168582225793	0.514771857703646
4.9	2.5024876	0.298658509214906	0.503520540731985
4.95	2.5270523	0.286443117655798	0.490779588164103
5	2.551617	0.274559	0.476549
5.05	2.57653955	0.262915196557345	0.457761621345313
5.1	2.6014621	0.251746233626481	0.438443708864803
5.15	2.62638465	0.241065333463208	0.418595262558471
5.2	2.6513072	0.230885718323328	0.398216282426317
5.25	2.67622975	0.221220610462641	0.37730676846834
5.3	2.7011523	0.212083232136947	0.355866720684541
5.35	2.72607485	0.203486805602048	0.333896139074919
5.4	2.7509974	0.195444553113744	0.311395023639475
5.45	2.77591995	0.187969696927836	0.288363374378209
5.5	2.8008425	0.181075459300125	0.26480119129112
5.55	2.82576505	0.174775062486411	0.240708474378209
5.6	2.8506876	0.169081728742496	0.216085223639475
5.65	2.87561015	0.16400868032418	0.190931439074919
5.7	2.9005327	0.159569139487263	0.165247120684541
5.75	2.92545525	0.155776328487547	0.13903226846834
5.8	2.9503778	0.152643469580832	0.112286882426317
5.85	2.97530035	0.150183785022919	0.0850109625584711
5.9	3.0002229	0.148410497069609	0.0572045088648031
5.95	3.02514545	0.147336827976702	0.0288675213453128
6	3.050068	0.146976	0.000000