0	0.000000	0.000000	0.000000
0.05	0.0231134	0.000312718891448	-0.0268861330009432
0.1	0.0462268	0.001234844220224	-0.0527318730544187
0.15	0.0693402	0.002742328967976	-0.0775372201604264
0.2	0.0924536	0.004811126116352	-0.101302174318967
0.25	0.115567	0.007417188647	-0.124026735530039
0.3	0.1386804	0.010536469541568	-0.145710903793644
0.35	0.1617938	0.014144921781704	-0.16635467910978
0.4	0.1849072	0.018218498349056	-0.18595806147845
0.45	0.2080206	0.022733152225272	-0.204521050899651
0.5	0.231134	0.027664836392	-0.222043647373385
0.55	0.2542474	0.032989503830888	-0.238525850899651
0.6	0.2773608	0.038683107523584	-0.25396766147845
0.65	0.3004742	0.044721600451736	-0.268369079109781
0.7	0.3235876	0.051080935596992	-0.281730103793643
0.75	0.346701	0.057737065941	-0.294050735530039
0.8	0.3698144	0.064665944465408	-0.305330974318967
0.85	0.3929278	0.071843524151864	-0.315570820160426
0.9	0.4160412	0.079245757982016	-0.324770273054419
0.95	0.4391546	0.086848598937512	-0.332929333000943
1	0.462268	0.094628	-0.340048
1.05	0.48557545	0.102574851980243	-0.341795037173726
1.1	0.5088829	0.110557378550926	-0.343109217802848
1.15	0.53219035	0.118565490929778	-0.343990541887369
1.2	0.5554978	0.126589100334528	-0.344439009427286
1.25	0.57880525	0.134618117982906	-0.344454620422601
1.3	0.6021127	0.142642455092642	-0.344037374873313
1.35	0.62542015	0.150652022881465	-0.343187272779422
1.4	0.6487276	0.158636732567104	-0.341904314140929
1.45	0.67203505	0.166586495367289	-0.340188498957833
1.5	0.6953425	0.17449122249975	-0.338039827230135
1.55	0.71864995	0.182340825182216	-0.335458298957833
1.6	0.7419574	0.190125214632416	-0.332443914140929
1.65	0.76526485	0.19783430206808	-0.328996672779422
1.7	0.7885723	0.205457998706938	-0.325116574873313
1.75	0.81187975	0.212986215766719	-0.320803620422601
1.8	0.8351872	0.220408864465152	-0.316057809427286
1.85	0.85849465	0.227715856019967	-0.310879141887369
1.9	0.8818021	0.234897101648894	-0.305267617802848
1.95	0.90510955	0.241942512569662	-0.299223237173726
2	0.928417	0.248842	-0.292746
2.05	0.9517922	0.255522845830476	-0.278859302812725
2.1	0.9751674	0.261878177176928	-0.264894731645162
2.15	0.9985426	0.267906173719492	-0.250852286497313
2.2	1.0219178	0.273605015138304	-0.236731967369178
2.25	1.045293	0.2789728811135	-0.222533774260755
2.3	1.0686682	0.284007951325216	-0.208257707172046
2.35	1.0920434	0.288708405453588	-0.193903766103049
2.4	1.1154186	0.293072423178752	-0.179471951053766
2.45	1.1387938	0.297098184180844	-0.164962262024197
2.5	1.162169	0.30078386814	-0.15037469901434
2.55	1.1855442	0.304127654736356	-0.135709262024197
2.6	1.2089194	0.307127723650048	-0.120965951053766
2.65	1.2322946	0.309782254561212	-0.106144766103049
2.7	1.2556698	0.312089427149984	-0.0912457071720455
2.75	1.279045	0.3140474210965	-0.0762687742607549
2.8	1.3024202	0.315654416080896	-0.0612139673691776
2.85	1.3257954	0.316908591783308	-0.0460812864973134
2.9	1.3491706	0.317808127883872	-0.0308707316451624
2.95	1.3725458	0.318351204062724	-0.0155823028127246
3	1.395921	0.318536	-0.000216
3.05	1.41932495	0.318350988783952	0.0160067555264229
3.1	1.4427289	0.317787670146583	0.032112510471117
3.15	1.46613285	0.316848782363659	0.0481012648340824
3.2	1.4895368	0.315537063710944	0.0639730186153191
3.25	1.51294075	0.313855252464203	0.0797277718148271
3.3	1.5363447	0.311806086899201	0.0953655244326064
3.35	1.55974865	0.309392305291702	0.110886276468657
3.4	1.5831526	0.306616645917472	0.126290027922979
3.45	1.60655655	0.303481847052275	0.141576778795572
3.5	1.6299605	0.299990646971875	0.156746529086436
3.55	1.65336445	0.296145783952038	0.171799278795572
3.6	1.6767684	0.291949996268528	0.186735027922979
3.65	1.70017235	0.28740602219711	0.201553776468657
3.7	1.7235763	0.282516600013549	0.216255524432606
3.75	1.74698025	0.277284467993609	0.230840271814827
3.8	1.7703842	0.271712364413056	0.245308018615319
3.85	1.79378815	0.265803027547654	0.259658764834082
3.9	1.8171921	0.259559195673167	0.273892510471117
3.95	1.84059605	0.252983607065361	0.288009255526423
4	1.864000	0.246079	0.302009
4.05	1.88730775	0.238948016025314	0.309799089176642
4.1	1.9106155	0.231641756476215	0.317049111071532
4.15	1.93392325	0.224172809105888	0.32375906568467
4.2	1.957231	0.21655376166752	0.329928953016057
4.25	1.98053875	0.208797201914297	0.335558773065692
4.3	2.0038465	0.200915717599405	0.340648525833575
4.35	2.02715425	0.192921896476031	0.345198211319706
4.4	2.050462	0.18482832629736	0.349207829524085
4.45	2.07376975	0.176647594816579	0.352677380446713
4.5	2.0970775	0.168392289786875	0.355606864087589
4.55	2.12038525	0.160074998961433	0.357996280446713
4.6	2.143693	0.15170831009344	0.359845629524085
4.65	2.16700075	0.143304810936082	0.361154911319706
4.7	2.1903085	0.134877089242545	0.361924125833575
4.75	2.21361625	0.126437732766016	0.362153273065692
4.8	2.236924	0.11799932925968	0.361842353016057
4.85	2.26023175	0.109574466476724	0.360991365684671
4.9	2.2835395	0.101175732170335	0.359600311071532
4.95	2.30684725	0.0928157140936981	0.357669189176642
5	2.330155	0.084507	0.355198
5.05	2.3532734	0.076372798727512	0.348310582712644
5.1	2.3763918	0.068411052702016	0.3402786935608
5.15	2.3995102	0.060648220281864	0.331102332544467
5.2	2.4226286	0.053110759825408	0.320781499663644
5.25	2.445747	0.045825129691	0.309316194918333
5.3	2.4688654	0.038817788236992	0.296706418308533
5.35	2.4919838	0.032115193821736	0.282952169834245
5.4	2.5151022	0.025743804803584	0.268053449495467
5.45	2.5382206	0.019730079540888	0.2520102572922
5.5	2.561339	0.014100476392	0.234822593224445
5.55	2.5844574	0.00888145371527199	0.2164904572922
5.6	2.6075758	0.00409946986905599	0.197013849495467
5.65	2.6306942	-0.000219016788296014	0.176392769834245
5.7	2.6538126	-0.00404754789843201	0.154627218308533
5.75	2.676931	-0.00735966510300001	0.131717194918333
5.8	2.7000494	-0.010128910043648	0.107662699663644
5.85	2.7231678	-0.012328824362024	0.0824637325444668
5.9	2.7462862	-0.013932949699776	0.0561202935608001
5.95	2.7694046	-0.014914827698552	0.0286323827126445
6	2.792523	-0.015248	0.000000