0	0.000000	0.000000	0.000000
0.05	0.024321	0.0003616685467675	-0.0296538268431602
0.1	0.048642	0.00143816870354	-0.0587830771765141
0.15	0.072963	0.0032167422450225	-0.0873877510000617
0.2	0.097284	0.00568463094592	-0.115467848313803
0.25	0.121605	0.0088290765809375	-0.143023369117738
0.3	0.145926	0.01263732092478	-0.170054313411866
0.35	0.170247	0.0170966057521525	-0.196560681196188
0.4	0.194568	0.02219417283776	-0.222542472470704
0.45	0.218889	0.0279172639563075	-0.247999687235414
0.5	0.24321	0.0342531208825	-0.272932325490317
0.55	0.267531	0.0411889853910425	-0.297340387235414
0.6	0.291852	0.04871209925664	-0.321223872470704
0.65	0.316173	0.0568097042539975	-0.344582781196188
0.7	0.340494	0.06546904215782	-0.367417113411866
0.75	0.364815	0.0746773547428125	-0.389726869117738
0.8	0.389136	0.08442188378368	-0.411512048313803
0.85	0.413457	0.0946898710551275	-0.432772651000062
0.9	0.437778	0.10546855833186	-0.453508677176514
0.95	0.462099	0.116745187388582	-0.47372012684316
1	0.486420	0.128507	-0.493407
1.05	0.51040715	0.140444569430733	-0.501745915253141
1.1	0.5343943	0.152569395841425	-0.509020107848056
1.15	0.55838145	0.164855939569964	-0.515229577784746
1.2	0.5823686	0.17727866095424	-0.520374325063211
1.25	0.60635575	0.189812020332141	-0.52445434968345
1.3	0.6303429	0.202430478041555	-0.527469651645464
1.35	0.65433005	0.215108494420372	-0.529420230949253
1.4	0.6783172	0.22782052980648	-0.530306087594816
1.45	0.70230435	0.240541044537768	-0.530127221582155
1.5	0.7262915	0.253244498952125	-0.528883632911267
1.55	0.75027865	0.265905353387439	-0.526575321582154
1.6	0.7742658	0.2784980681816	-0.523202287594816
1.65	0.79825295	0.290997103672496	-0.518764530949253
1.7	0.8222401	0.303376920198015	-0.513262051645464
1.75	0.84622725	0.315611978096047	-0.50669484968345
1.8	0.8702144	0.32767673770448	-0.499062925063211
1.85	0.89420155	0.339545659361203	-0.490366277784746
1.9	0.9181887	0.351193203404105	-0.480604907848056
1.95	0.94217585	0.362593830171074	-0.469778815253141
2	0.966163	0.373722	-0.457888
2.05	0.9901229	0.384469281456026	-0.439139395179842
2.1	1.0140828	0.394761719536572	-0.419920948761806
2.15	1.0380427	0.404588056883936	-0.400232660745892
2.2	1.0620026	0.413937036140416	-0.3800745311321
2.25	1.0859625	0.422797399948313	-0.35944655992043
2.3	1.1099224	0.431157890949924	-0.338348747110881
2.35	1.1338823	0.43900725178755	-0.316781092703455
2.4	1.1578422	0.446334225103488	-0.29474359669815
2.45	1.1818021	0.453127553540039	-0.272236259094967
2.5	1.205762	0.4593759797395	-0.249259079893906
2.55	1.2297219	0.465068246344172	-0.225812059094967
2.6	1.2536818	0.470193095996352	-0.20189519669815
2.65	1.2776417	0.47473927133834	-0.177508492703455
2.7	1.3016016	0.478695515012436	-0.152651947110881
2.75	1.3255615	0.482050569660938	-0.12732555992043
2.8	1.3495214	0.484793177926144	-0.1015293311321
2.85	1.3734813	0.486912082450354	-0.0752632607458922
2.9	1.3974412	0.488396025875868	-0.0485273487618062
2.95	1.4214011	0.489233750844983	-0.0213215951798422
3	1.445361	0.489414	0.006354
3.05	1.4702946	0.488871833903036	0.0370171406492444
3.1	1.4952282	0.487573925886688	0.0669743612301473
3.15	1.5201618	0.485537877079572	0.0962256617427086
3.2	1.5450954	0.482781288610304	0.124771042186928
3.25	1.570029	0.4793217616075	0.152610502562807
3.3	1.5949626	0.475176897199776	0.179744042870344
3.35	1.6198962	0.470364296515748	0.206171663109539
3.4	1.6448298	0.464901560684032	0.231893363280393
3.45	1.6697634	0.458806290833244	0.256909143382905
3.5	1.694697	0.452096088092	0.281219003417076
3.55	1.7196306	0.444788553588916	0.304822943382905
3.6	1.7445642	0.436901288452608	0.327720963280393
3.65	1.7694978	0.428451893811692	0.349913063109539
3.7	1.7944314	0.419457970794784	0.371399242870344
3.75	1.819365	0.4099371205305	0.392179502562807
3.8	1.8442986	0.399906944147456	0.412253842186928
3.85	1.8692322	0.389385042774268	0.431622261742709
3.9	1.8941658	0.378389017539552	0.450284761230147
3.95	1.9190994	0.366936469571924	0.468241340649244
4	1.944033	0.355045	0.485492
4.05	1.96915495	0.342654366984879	0.50069838859268
4.1	1.9942769	0.329900441028461	0.514414352070341
4.15	2.01939885	0.316820664515965	0.526639890432983
4.2	2.0445208	0.303452479832608	0.537375003680606
4.25	2.06964275	0.289833329363609	0.54661969181321
4.3	2.0947647	0.276000655494187	0.554373954830795
4.35	2.11988665	0.261991900609559	0.560637792733362
4.4	2.1450086	0.247844507094944	0.565411205520909
4.45	2.17013055	0.23359591733556	0.568694193193437
4.5	2.1952525	0.219283573716625	0.570486755750947
4.55	2.22037445	0.204944918623358	0.570788893193437
4.6	2.2454964	0.190617394440976	0.569600605520909
4.65	2.27061835	0.176338443554698	0.566921892733362
4.7	2.2957403	0.162145508349743	0.562752754830795
4.75	2.32086225	0.148076031211328	0.55709319181321
4.8	2.3459842	0.134167454524672	0.549943203680606
4.85	2.37110615	0.120457220674993	0.541302790432983
4.9	2.3962281	0.106982772047509	0.531171952070341
4.95	2.42135005	0.0937815510274386	0.51955068859268
5	2.446472	0.080891	0.506439
5.05	2.47131785	0.0685126615460946	0.489819275582487
5.1	2.4961637	0.056558633966397	0.472283527419448
5.15	2.52100955	0.0450516766494849	0.453831755510885
5.2	2.5458554	0.034014548983936	0.434463959856797
5.25	2.57070125	0.0234700103583281	0.414180140457184
5.3	2.5955471	0.013440820161239	0.392980297312046
5.35	2.62039295	0.0039497377812464	0.370864430421383
5.4	2.6452388	-0.00498047739307199	0.347832539785196
5.45	2.67008465	-0.0133270659731384	0.323884625403483
5.5	2.6949305	-0.021067268570375	0.299020687276245
5.55	2.71977635	-0.0281783257962041	0.273240725403483
5.6	2.7446222	-0.034637478262048	0.246544739785196
5.65	2.76946805	-0.0404219665793289	0.218932730421383
5.7	2.7943139	-0.045509031359469	0.190404697312046
5.75	2.81915975	-0.0498759132138907	0.160960640457184
5.8	2.8440056	-0.053499852754016	0.130600559856797
5.85	2.86885145	-0.0563580905912674	0.0993244555108852
5.9	2.8936973	-0.058427867337067	0.0671323274194484
5.95	2.91854315	-0.0596864236028371	0.0340241755824866
6	2.943389	-0.060111	0.000000