0	0.000000	0.000000	0.000000
0.05	0.024175	0.000368922154375	-0.0303831975439504
0.1	0.04835	0.001462366585	-0.0599397953464323
0.15	0.072525	0.003260350243125	-0.0886697934074457
0.2	0.0967	0.00574289008	-0.116573191726991
0.25	0.120875	0.008890003046875	-0.143649990305067
0.3	0.14505	0.012681706095	-0.169900189141675
0.35	0.169225	0.017098016175625	-0.195323788236815
0.4	0.1934	0.02211895024	-0.219920787590486
0.45	0.217575	0.027724525239375	-0.243691187202689
0.5	0.24175	0.033894758125	-0.266634987073423
0.55	0.265925	0.040609665848125	-0.288752187202689
0.6	0.2901	0.04784926536	-0.310042787590486
0.65	0.314275	0.055593573611875	-0.330506788236815
0.7	0.33845	0.063822607555	-0.350144189141675
0.75	0.362625	0.072516384140625	-0.368954990305067
0.8	0.3868	0.08165492032	-0.386939191726991
0.85	0.410975	0.091218233044375	-0.404096793407446
0.9	0.43515	0.101186339265	-0.420427795346432
0.95	0.459325	0.111539255933125	-0.43593219754395
1	0.483500	0.122257	-0.450610
1.05	0.50795225	0.133405329683543	-0.461032519701331
1.1	0.5324045	0.144793667730295	-0.470240779434101
1.15	0.55685675	0.156392322751939	-0.47823477919831
1.2	0.581309	0.16817160336016	-0.485014518993957
1.25	0.60576125	0.180101818166641	-0.490579998821044
1.3	0.6302135	0.192153275783065	-0.494931218679569
1.35	0.65466575	0.204296284821117	-0.498068178569533
1.4	0.679118	0.21650115389248	-0.499990878490936
1.45	0.70357025	0.228738191608838	-0.500699318443778
1.5	0.7280225	0.240977706581875	-0.500193498428059
1.55	0.75247475	0.253190007423274	-0.498473418443778
1.6	0.776927	0.26534540274472	-0.495539078490936
1.65	0.80137925	0.277414201157896	-0.491390478569533
1.7	0.8258315	0.289366711274485	-0.486027618679569
1.75	0.85028375	0.301173241706172	-0.479450498821044
1.8	0.874736	0.31280410106464	-0.471659118993957
1.85	0.89918825	0.324229597961573	-0.46265347919831
1.9	0.9236405	0.335420041008655	-0.452433579434101
1.95	0.94809275	0.346345738817569	-0.440999419701331
2	0.972545	0.356977	-0.428351
2.05	0.9967995	0.36715382744067	-0.410751266791111
2.1	1.021054	0.37689883529786	-0.392743621288421
2.15	1.0453085	0.38620212986284	-0.374328063491929
2.2	1.069563	0.39505381742688	-0.355504593401637
2.25	1.0938175	0.40344400428125	-0.336273211017543
2.3	1.118072	0.41136279671722	-0.316633916339648
2.35	1.1423265	0.41880030102606	-0.296586709367952
2.4	1.166581	0.42574662349904	-0.276131590102455
2.45	1.1908355	0.43219187042743	-0.255268558543157
2.5	1.21509	0.4381261481025	-0.233997614690058
2.55	1.2393445	0.44353956281552	-0.212318758543157
2.6	1.263599	0.44842222085776	-0.190231990102455
2.65	1.2878535	0.45276422852049	-0.167737309367952
2.7	1.312108	0.45655569209498	-0.144834716339648
2.75	1.3363625	0.4597867178725	-0.121524211017543
2.8	1.360617	0.46244741214432	-0.0978057934016368
2.85	1.3848715	0.46452788120171	-0.0736794634919294
2.9	1.409126	0.46601823133594	-0.0491452212884207
2.95	1.4333805	0.46690856883828	-0.0242030667911109
3	1.457635	0.467189	0.001147
3.05	1.4820979	0.466809798568319	0.0297302596164907
3.1	1.5065608	0.465740534362234	0.0575640866417719
3.15	1.5310237	0.46399954067628	0.0846484810758435
3.2	1.5554866	0.461605150804992	0.110983442918706
3.25	1.5799495	0.458575698042906	0.136568972170358
3.3	1.6044124	0.454929515684558	0.161405068830801
3.35	1.6288753	0.450684937024483	0.185491732900034
3.4	1.6533382	0.445860295357216	0.208828964378058
3.45	1.6778011	0.440473923977293	0.231416763264873
3.5	1.702264	0.43454415617925	0.253255129560477
3.55	1.7267269	0.428089325257622	0.274344063264873
3.6	1.7511898	0.421127764506944	0.294683564378058
3.65	1.7756527	0.413677807221752	0.314273632900034
3.7	1.8001156	0.405757786696582	0.333114268830801
3.75	1.8245785	0.397386036225969	0.351205472170358
3.8	1.8490414	0.388580889104448	0.368547242918705
3.85	1.8735043	0.379360678626555	0.385139581075843
3.9	1.8979672	0.369743738086826	0.400982486641772
3.95	1.9224301	0.359748400779796	0.416075959616491
4	1.946893	0.349393	0.430420
4.05	1.9714496	0.338642518995521	0.444899565388877
4.1	1.9960062	0.327554737804204	0.457891244947346
4.15	2.0205628	0.316166193843234	0.469395038675407
4.2	2.0451194	0.304513424529792	0.47941094657306
4.25	2.069676	0.292632967281063	0.487938968640304
4.3	2.0942326	0.280561359514228	0.494979104877141
4.35	2.1187892	0.268335138646472	0.500531355283569
4.4	2.1433458	0.255990842094976	0.504595719859589
4.45	2.1679024	0.243565007276925	0.507172198605202
4.5	2.192459	0.2310941716095	0.508260791520406
4.55	2.2170156	0.218614872509886	0.507861498605202
4.6	2.2415722	0.206163647395264	0.505974319859589
4.65	2.2661288	0.193777033682819	0.502599255283569
4.7	2.2906854	0.181491568789732	0.497736304877141
4.75	2.315242	0.169343790133188	0.491385468640304
4.8	2.3397986	0.157370235130368	0.48354674657306
4.85	2.3643552	0.145607441198457	0.474220138675407
4.9	2.3889118	0.134091945754636	0.463405644947346
4.95	2.4134684	0.12286028621609	0.451103265388877
5	2.438025	0.111949	0.437313
5.05	2.46271565	0.101296075893336	0.42542357513617
5.1	2.4874063	0.090949673598011	0.412484021310638
5.15	2.51209695	0.0809357214806721	0.398494338523404
5.2	2.5367876	0.071280147907968	0.383454526774467
5.25	2.56147825	0.0620088812465469	0.367364586063829
5.3	2.5861689	0.053147849863057	0.350224516391488
5.35	2.61085955	0.0447229821241466	0.332034317757446
5.4	2.6355502	0.036760206396464	0.312793990161701
5.45	2.66024085	0.0292854510466574	0.292503533604254
5.5	2.6849315	0.022324644441375	0.271162948085105
5.55	2.70962215	0.0159037149472651	0.248772233604254
5.6	2.7343128	0.010048590930976	0.225331390161701
5.65	2.75900345	0.00478520075915587	0.200840417757446
5.7	2.7836941	0.000139472798453	0.175299316391488
5.75	2.80838475	-0.00386266458448438	0.148708086063829
5.8	2.8330754	-0.007195283023008	0.121066726774467
5.85	2.85776605	-0.00983245415046961	0.0923752385234037
5.9	2.8824567	-0.011748249600221	0.0626336213106379
5.95	2.90714735	-0.0129167410056139	0.03184187513617
6	2.931838	-0.013312	0.000000