0	0.000000	0.000000	0.000000
0.05	0.02364105	0.000328331040549375	-0.0276822707699373
0.1	0.0472821	0.001304427627345	-0.0548000656693548
0.15	0.07092315	0.00291494495810813	-0.0813533846982526
0.2	0.0945642	0.00514653823056	-0.107342227856631
0.25	0.11820525	0.00798586264242188	-0.132766595144489
0.3	0.1418463	0.011419573391415	-0.157626486561828
0.35	0.16548735	0.0154343256752606	-0.181921902108647
0.4	0.1891284	0.02001677469168	-0.205652841784946
0.45	0.21276945	0.0251535756383944	-0.228819305590726
0.5	0.2364105	0.030831383713125	-0.251421293525986
0.55	0.26005155	0.0370368541135931	-0.273458805590726
0.6	0.2836926	0.04375664203752	-0.294931841784946
0.65	0.30733365	0.0509774026826269	-0.315840402108647
0.7	0.3309747	0.058685791246635	-0.336184486561828
0.75	0.35461575	0.0668684629272656	-0.355964095144489
0.8	0.3782568	0.07551207292224	-0.375179227856631
0.85	0.40189785	0.0846032764292794	-0.393829884698253
0.9	0.4255389	0.094128728646105	-0.411916065669355
0.95	0.44917995	0.104075084770438	-0.429437770769937
1	0.472821	0.114429	-0.446395
1.05	0.4964285	0.125086630571425	-0.456327423420523
1.1	0.520036	0.1359660162329	-0.465181833849412
1.15	0.5436435	0.147041707792725	-0.472958231286667
1.2	0.567251	0.1582882560592	-0.479656615732288
1.25	0.5908585	0.169680211840625	-0.485276987186275
1.3	0.614466	0.1811921259453	-0.489819345648629
1.35	0.6380735	0.192798549181525	-0.493283691119348
1.4	0.661681	0.2044740323576	-0.495670023598433
1.45	0.6852885	0.216193126281825	-0.496978343085884
1.5	0.708896	0.2279303817625	-0.497208649581701
1.55	0.7325035	0.239660349607925	-0.496360943085884
1.6	0.756111	0.2513575806264	-0.494435223598433
1.65	0.7797185	0.262996625626225	-0.491431491119347
1.7	0.803326	0.2745520354157	-0.487349745648628
1.75	0.8269335	0.285998360803125	-0.482189987186275
1.8	0.850541	0.2973101525968	-0.475952215732288
1.85	0.8741485	0.308461961605025	-0.468636431286667
1.9	0.897756	0.3194283386361	-0.460242633849412
1.95	0.9213635	0.330183834498325	-0.450770823420523
2	0.944971	0.340703	-0.440221
2.05	0.9686004	0.350918693891963	-0.424333647566972
2.1	0.9922298	0.360751538594224	-0.407816521705841
2.15	1.0158592	0.370186652938541	-0.390669622416608
2.2	1.0394886	0.379209155756672	-0.372892949699273
2.25	1.063118	0.387804165880375	-0.354486503553836
2.3	1.0867474	0.395956802141408	-0.335450283980296
2.35	1.1103768	0.403652183371529	-0.315784290978654
2.4	1.1340062	0.410875428402496	-0.29548852454891
2.45	1.1576356	0.417611656066067	-0.274562984691063
2.5	1.181265	0.423845985194	-0.253007671405114
2.55	1.2048944	0.429563534618053	-0.230822584691063
2.6	1.2285238	0.434749423169984	-0.20800772454891
2.65	1.2521532	0.439388769681551	-0.184563090978654
2.7	1.2757826	0.443466692984512	-0.160488683980296
2.75	1.299412	0.446968311910625	-0.135784503553836
2.8	1.3230414	0.449878745291648	-0.110450549699273
2.85	1.3466708	0.452183111959339	-0.0844868224166083
2.9	1.3703002	0.453866530745456	-0.0578933217058411
2.95	1.3939296	0.454914120481757	-0.0306700475669717
3	1.417559	0.455311	-0.002817
3.05	1.4407872	0.455051259084757	0.0250828046697764
3.1	1.4640154	0.454150317726052	0.0523917930585237
3.15	1.4872436	0.452621899522625	0.079109965166242
3.2	1.5104718	0.450479728073216	0.105237320992931
3.25	1.5337	0.447737526976562	0.130773860538591
3.3	1.5569282	0.444409019831404	0.155719583803222
3.35	1.5801564	0.440507930236479	0.180074490786824
3.4	1.6033846	0.436047981790528	0.203838581489397
3.45	1.6266128	0.431042898092289	0.22701185591094
3.5	1.649841	0.4255064027405	0.249594314051455
3.55	1.6730692	0.419452219333901	0.27158595591094
3.6	1.6962974	0.412894071471232	0.292986781489397
3.65	1.7195256	0.405845682751231	0.313796790786824
3.7	1.7427538	0.398320776772636	0.334015983803222
3.75	1.765982	0.390333077134188	0.353644360538591
3.8	1.7892102	0.381896307434624	0.372681920992931
3.85	1.8124384	0.373024191272684	0.391128665166242
3.9	1.8356666	0.363730452247108	0.408984593058524
3.95	1.8588948	0.354028813956633	0.426249704669776
4	1.882123	0.343933	0.442924
4.05	1.90543235	0.333491130624321	0.452848825547988
4.1	1.9287417	0.322829489336768	0.461780974722504
4.15	1.95205105	0.311971214778367	0.469720447523547
4.2	1.9753604	0.300939445590144	0.476667243951118
4.25	1.99866975	0.289757320413125	0.482621364005217
4.3	2.0219791	0.278447977888336	0.487582807685843
4.35	2.04528845	0.267034556656803	0.491551574992996
4.4	2.0685978	0.255540195359552	0.494527665926677
4.45	2.09190715	0.243988032637609	0.496511080486886
4.5	2.1152165	0.232401207132	0.497501818673622
4.55	2.13852585	0.220802857483751	0.497499880486886
4.6	2.1618352	0.209216122333888	0.496505265926677
4.65	2.18514455	0.197664140323437	0.494517974992996
4.7	2.2084539	0.186170050093424	0.491538007685842
4.75	2.23176325	0.174756990284875	0.487565364005216
4.8	2.2550726	0.163448099538816	0.482600043951118
4.85	2.27838195	0.152266516496273	0.476642047523547
4.9	2.3016913	0.141235379798272	0.469691374722504
4.95	2.32500065	0.130377828085839	0.461748025547988
5	2.348310	0.119717	0.452812
5.05	2.3717087	0.109337688039679	0.434285785389915
5.1	2.3951074	0.099396932326072	0.415326477580891
5.15	2.4185061	0.089904866677013	0.395934076572929
5.2	2.4419048	0.080871624910336	0.376108582366029
5.25	2.4653035	0.072307340843875	0.35584999496019
5.3	2.4887022	0.064222148295464	0.335158314355413
5.35	2.5121009	0.056626181082937	0.314033540551697
5.4	2.5354996	0.049529573024128	0.292475673549043
5.45	2.5588983	0.042942457936871	0.270484713347451
5.5	2.582297	0.036874969639	0.24806065994692
5.55	2.6056957	0.031337241948349	0.225203513347451
5.6	2.6290944	0.026339408682752	0.201913273549043
5.65	2.6524931	0.021891603660043	0.178189940551697
5.7	2.6758918	0.018003960698056	0.154033514355413
5.75	2.6992905	0.014686613614625	0.12944399496019
5.8	2.7226892	0.011949696227584	0.104421382366029
5.85	2.7460879	0.00980334235476703	0.0789656765729292
5.9	2.7694866	0.00825768581400803	0.0530768775808912
5.95	2.7928853	0.00732286042314104	0.0267549853899147
6	2.816284	0.007009	0.000000