0	0.000000	0.000000	0.000000
0.05	0.0250713	0.00032414108116325	-0.0256870668076546
0.1	0.0501426	0.001279468307566	-0.0503512897408192
0.15	0.0752139	0.00284033765357775	-0.0739926687994938
0.2	0.1002852	0.004981105093568	-0.0966112039836785
0.25	0.1253565	0.00767612660190625	-0.118206895293373
0.3	0.1504278	0.010899758152962	-0.138779742728578
0.35	0.1754991	0.0146263557211047	-0.158329746289293
0.4	0.2005704	0.018830275280704	-0.176856905975518
0.45	0.2256417	0.0234858728061293	-0.194361221787253
0.5	0.250713	0.02856750427175	-0.210842693724498
0.55	0.2757843	0.0340495256519358	-0.226301321787253
0.6	0.3008556	0.039906292921056	-0.240737105975518
0.65	0.3259269	0.0461121620534803	-0.254150046289293
0.7	0.3509982	0.052641489023578	-0.266540142728578
0.75	0.3760695	0.0594686298057188	-0.277907395293373
0.8	0.4011408	0.066567940374272	-0.288251803983679
0.85	0.4262121	0.0739137767036072	-0.297573368799494
0.9	0.4512834	0.081480494768094	-0.305872089740819
0.95	0.4763547	0.0892424505421018	-0.313147966807655
1	0.501426	0.097174	-0.319401
1.05	0.5265902	0.105296222341269	-0.325981582438424
1.1	0.5517544	0.113572314870512	-0.331630293041225
1.15	0.5769186	0.121978827778483	-0.336347131808402
1.2	0.6020828	0.130492311255936	-0.340132098739956
1.25	0.627247	0.139089315493625	-0.342985193835886
1.3	0.6524112	0.147746390682304	-0.344906417096192
1.35	0.6775754	0.156440087012727	-0.345895768520875
1.4	0.7027396	0.165146954675648	-0.345953248109934
1.45	0.7279038	0.173843543861821	-0.34507885586337
1.5	0.753068	0.182506404762	-0.343272591781181
1.55	0.7782322	0.191112087566939	-0.34053445586337
1.6	0.8033964	0.199637142467392	-0.336864448109934
1.65	0.8285606	0.208058119654113	-0.332262568520875
1.7	0.8537248	0.216351569317856	-0.326728817096192
1.75	0.878889	0.224494041649375	-0.320263193835886
1.8	0.9040532	0.232462086839424	-0.312865698739956
1.85	0.9292174	0.240232255078757	-0.304536331808403
1.9	0.9543816	0.247781096558128	-0.295275093041225
1.95	0.9795458	0.255085161468291	-0.285081982438425
2	1.004710	0.262121	-0.273957
2.05	1.02973995	0.268864542080667	-0.26480043805492
2.1	1.0547699	0.275372858599604	-0.255161472104059
2.15	1.07979985	0.281633875008667	-0.245040102147417
2.2	1.1048298	0.287635516759712	-0.234436328184994
2.25	1.12985975	0.293365709304594	-0.22335015021679
2.3	1.1548897	0.298812378095168	-0.211781568242805
2.35	1.17991965	0.30396344858329	-0.199730582263039
2.4	1.2049496	0.308806846220816	-0.187197192277492
2.45	1.22997955	0.313330496459601	-0.174181398286163
2.5	1.2550095	0.3175223247515	-0.160683200289054
2.55	1.28003945	0.321370256548369	-0.146702598286163
2.6	1.3050694	0.324862217302064	-0.132239592277492
2.65	1.33009935	0.32798613246444	-0.117294182263039
2.7	1.3551293	0.330729927487352	-0.101866368242805
2.75	1.38015925	0.333081527822656	-0.0859561502167903
2.8	1.4051892	0.335028858922208	-0.0695635281849944
2.85	1.43021915	0.336559846237863	-0.0526885021474174
2.9	1.4552491	0.337662415221476	-0.0353310721040593
2.95	1.48027905	0.338324491324903	-0.0174912380549202
3	1.505309	0.338534	0.000831
3.05	1.53103005	0.338282427821904	0.018701038160563
3.1	1.5567511	0.337573498976964	0.0363938301989615
3.15	1.58247215	0.33641177242155	0.0539093761151955
3.2	1.6081932	0.334801807112032	0.0712476759092649
3.25	1.63391425	0.332748162004781	0.0884087295811699
3.3	1.6596353	0.330255396056168	0.10539253713091
3.35	1.68535635	0.327328068222563	0.122199098558486
3.4	1.7110774	0.323970737460336	0.138828413863897
3.45	1.73679845	0.320187962725858	0.155280483047144
3.5	1.7625195	0.3159843029755	0.171555306108226
3.55	1.78824055	0.311364317165632	0.187652883047144
3.6	1.8139616	0.306332564252624	0.203573213863897
3.65	1.83968265	0.300893603192847	0.219316298558486
3.7	1.8654037	0.295051992942672	0.23488213713091
3.75	1.89112475	0.288812292458469	0.25027072958117
3.8	1.9168458	0.282179060696608	0.265482075909265
3.85	1.94256685	0.27515685661346	0.280516176115196
3.9	1.9682879	0.267750239165396	0.295373030198962
3.95	1.99400895	0.259963767308786	0.310052638160563
4	2.019730	0.251802	0.324555
4.05	2.0455089	0.243273193443171	0.336970439609215
4.1	2.0712878	0.234436975385748	0.348404853996408
4.15	2.0970667	0.225318635578827	0.358858243161578
4.2	2.1228456	0.215943463773504	0.368330607104725
4.25	2.1486245	0.206336749720875	0.37682194582585
4.3	2.1744034	0.196523783172036	0.384332259324952
4.35	2.2001823	0.186529853878083	0.390861547602031
4.4	2.2259612	0.176380251590112	0.396409810657088
4.45	2.2517401	0.166100266059219	0.400977048490122
4.5	2.277519	0.1557151870365	0.404563261101133
4.55	2.3032979	0.145250304273051	0.407168448490122
4.6	2.3290768	0.134730907519968	0.408792610657088
4.65	2.3548557	0.124182286528347	0.409435747602031
4.7	2.3806346	0.113629731049284	0.409097859324952
4.75	2.4064135	0.103098530833875	0.40777894582585
4.8	2.4321924	0.092613975633216	0.405479007104725
4.85	2.4579713	0.082201355198403	0.402198043161578
4.9	2.4837502	0.071885959280532	0.397936053996408
4.95	2.5095291	0.061693077630699	0.392693039609215
5	2.535308	0.051648	0.386469
5.05	2.5610733	0.0418293627725558	0.375543413175967
5.1	2.5868386	0.032303614644366	0.363733840754464
5.15	2.6126039	0.0230935317695453	0.351040282735491
5.2	2.6383692	0.014221890302208	0.337462739119048
5.25	2.6641345	0.00571146639646876	0.323001209905134
5.3	2.6898998	-0.00241496379355799	0.30765569509375
5.35	2.7156651	-0.0101346241137577	0.291426194684896
5.4	2.7414304	-0.017424738410016	0.274312708678572
5.45	2.7671957	-0.0242625305282182	0.256315237074777
5.5	2.792961	-0.03062522431425	0.237433779873512
5.55	2.8187263	-0.0364900436139967	0.217668337074777
5.6	2.8444916	-0.041834212273344	0.197018908678572
5.65	2.8702569	-0.0466349541381772	0.175485494684896
5.7	2.8960222	-0.050869493054382	0.15306809509375
5.75	2.9217875	-0.0545150528678437	0.129766709905134
5.8	2.9475528	-0.057548857424448	0.105581339119048
5.85	2.9733181	-0.0599481305700803	0.0805119827354912
5.9	2.9990834	-0.061690096150626	0.0545586407544644
5.95	3.0248487	-0.0627519780119707	0.0277213131759673
6	3.050614	-0.063111	0.000000