0	0.000000	0.000000	0.000000
0.05	0.0274914	0.000469596349319	-0.0341056895588075
0.1	0.0549828	0.001872067218472	-0.0678666433745826
0.15	0.0824742	0.004197935339253	-0.101282861447325
0.2	0.1099656	0.007437723443456	-0.134354343777036
0.25	0.137457	0.011581954262875	-0.167081090363714
0.3	0.1649484	0.016621150529304	-0.199463101207359
0.35	0.1924398	0.022545834974537	-0.231500376307973
0.4	0.2199312	0.029346530330368	-0.263192915665553
0.45	0.2474226	0.037013759328591	-0.294540719280102
0.5	0.274914	0.045538044701	-0.325543787151618
0.55	0.3024054	0.054909909179389	-0.356202119280102
0.6	0.3298968	0.065119875495552	-0.386515715665553
0.65	0.3573882	0.076158466381283	-0.416484576307973
0.7	0.3848796	0.088016204568376	-0.446108701207359
0.75	0.412371	0.100683612788625	-0.475388090363714
0.8	0.4398624	0.114151213773824	-0.504322743777036
0.85	0.4673538	0.128409530255767	-0.532912661447325
0.9	0.4948452	0.143449084966248	-0.561157843374582
0.95	0.5223366	0.159260400637061	-0.589058289558807
1	0.549828	0.175834	-0.616614
1.05	0.57731355	0.193016667346597	-0.633399438650655
1.1	0.6047991	0.210636608233032	-0.648432431127556
1.15	0.63228465	0.228645655712375	-0.661712977430704
1.2	0.6597702	0.246995642837696	-0.6732410775601
1.25	0.68725575	0.265638402662063	-0.683016731515742
1.3	0.7147413	0.284525768238544	-0.691039939297631
1.35	0.74222685	0.303609572620209	-0.697310700905767
1.4	0.7697124	0.322841648860128	-0.701829016340149
1.45	0.79719795	0.342173830011368	-0.704594885600779
1.5	0.8246835	0.361557949127	-0.705608308687656
1.55	0.85216905	0.380945839260091	-0.704869285600779
1.6	0.8796546	0.400289333463712	-0.702377816340149
1.65	0.90714015	0.41954026479093	-0.698133900905767
1.7	0.9346257	0.438650466294816	-0.692137539297631
1.75	0.96211125	0.457571771028437	-0.684388731515742
1.8	0.9895968	0.476256012044864	-0.674887477560099
1.85	1.01708235	0.494655022397164	-0.663633777430704
1.9	1.0445679	0.512720635138408	-0.650627631127556
1.95	1.07205345	0.530404683321663	-0.635869038650654
2	1.099539	0.547659	-0.619358
2.05	1.12700025	0.564356238366659	-0.596559524358528
2.1	1.1544615	0.580415817241525	-0.572917325100369
2.15	1.18192275	0.595814566919428	-0.548431402225522
2.2	1.209384	0.6105293176952	-0.523101755733989
2.25	1.23684525	0.624536899863672	-0.496928385625768
2.3	1.2643065	0.637814143719675	-0.46991129190086
2.35	1.29176775	0.650337879558041	-0.442050474559265
2.4	1.319229	0.6620849376736	-0.413345933600983
2.45	1.34669025	0.673032148361184	-0.383797669026014
2.5	1.3741515	0.683156341915625	-0.353405680834358
2.55	1.40161275	0.692434348631753	-0.322169969026014
2.6	1.429074	0.7008429988044	-0.290090533600983
2.65	1.45653525	0.708359122728397	-0.257167374559265
2.7	1.4839965	0.714959550698575	-0.22340049190086
2.75	1.51145775	0.720621113009766	-0.188789885625768
2.8	1.538919	0.7253206399568	-0.153335555733989
2.85	1.56638025	0.729034961834509	-0.117037502225522
2.9	1.5938415	0.731740908937725	-0.0798957251003687
2.95	1.62130275	0.733415311561278	-0.0419102243585281
3	1.648764	0.734035	-0.003081
3.05	1.6753114	0.733621972126465	0.0340621604275749
3.1	1.7018588	0.732233649382	0.0703947355469839
3.15	1.7284062	0.729891550699015	0.105916725358227
3.2	1.7549536	0.72661719500992	0.140628129861305
3.25	1.781501	0.722432101247125	0.174528949056216
3.3	1.8080484	0.71735778834304	0.207619182942962
3.35	1.8345958	0.711415775230075	0.239898831521543
3.4	1.8611432	0.70462758084064	0.271367894791957
3.45	1.8876906	0.697014724107145	0.302026372754206
3.5	1.914238	0.688598723962	0.331874265408289
3.55	1.9407854	0.679401099337615	0.360911572754206
3.6	1.9673328	0.6694433691664	0.389138294791957
3.65	1.9938802	0.658747052380765	0.416554431521543
3.7	2.0204276	0.64733366791312	0.443159982942963
3.75	2.046975	0.635224734695875	0.468954949056216
3.8	2.0735224	0.62244177166144	0.493939329861305
3.85	2.1000698	0.609006297742225	0.518113125358227
3.9	2.1266172	0.59493983187064	0.541476335546984
3.95	2.1531646	0.580263892979095	0.564028960427575
4	2.179712	0.565000	0.585771
4.05	2.20632475	0.549195392318197	0.601697269409752
4.1	2.2329375	0.532989200340775	0.61595084203953
4.15	2.25955025	0.516425939128966	0.628531717889334
4.2	2.286163	0.499550123744	0.639439896959164
4.25	2.31277575	0.482406269247109	0.64867537924902
4.3	2.3393885	0.465038890699525	0.656238164758903
4.35	2.36600125	0.447492503162478	0.662128253488811
4.4	2.392614	0.4298116216972	0.666345645438746
4.45	2.41922675	0.412040761364922	0.668890340608707
4.5	2.4458395	0.394224437226875	0.669762338998694
4.55	2.47245225	0.376407164344291	0.668961640608707
4.6	2.499065	0.3586334577784	0.666488245438746
4.65	2.52567775	0.340947832590434	0.662342153488811
4.7	2.5522905	0.323394803841625	0.656523364758903
4.75	2.57890325	0.306018886593203	0.64903187924902
4.8	2.605516	0.2888645959064	0.639867696959164
4.85	2.63212875	0.271976446842447	0.629030817889334
4.9	2.6587415	0.255398954462575	0.61652124203953
4.95	2.68535425	0.239176633828016	0.602338969409752
5	2.711967	0.223354	0.586484
5.05	2.7386643	0.208012328037887	0.562723523699363
5.1	2.7653616	0.193312814345016	0.538377392272477
5.15	2.7920589	0.179271094331989	0.513445605719343
5.2	2.8187562	0.165902803409408	0.487928164039959
5.25	2.8454535	0.153223576987875	0.461825067234327
5.3	2.8721508	0.141249050477992	0.435136315302447
5.35	2.8988481	0.129994859290361	0.407861908244317
5.4	2.9255454	0.119476638835584	0.380001846059939
5.45	2.9522427	0.109710024524263	0.351556128749312
5.5	2.97894	0.100710651767	0.322524756312436
5.55	3.0056373	0.092494155974397	0.292907728749312
5.6	3.0323346	0.085076172557056	0.262705046059939
5.65	3.0590319	0.078472336925579	0.231916708244317
5.7	3.0857292	0.072698284490568	0.200542715302446
5.75	3.1124265	0.067769650662625	0.168583067234327
5.8	3.1391238	0.063702070852352	0.136037764039959
5.85	3.1658211	0.060511180470351	0.102906805719343
5.9	3.1925184	0.058212614927224	0.069190192272477
5.95	3.2192157	0.056822009633573	0.034887923699363
6	3.245913	0.056355	0.000000