0	0.000000	0.000000	0.000000
0.05	0.0271179	0.00039153704014125	-0.0288489783408284
0.1	0.0542358	0.00156314667843	-0.0575319326457801
0.15	0.0813537	0.00351032669166375	-0.0860488629148551
0.2	0.1084716	0.00622857485664	-0.114399769148053
0.25	0.1355895	0.00971338895015625	-0.142584651345375
0.3	0.1627074	0.01396026674901	-0.17060350950682
0.35	0.1898253	0.0189647060299987	-0.198456343632389
0.4	0.2169432	0.02472220456992	-0.22614315372208
0.45	0.2440611	0.0312282601455712	-0.253663939775895
0.5	0.271179	0.03847837053375	-0.281018701793834
0.55	0.2982969	0.0464680335112538	-0.308207439775895
0.6	0.3254148	0.05519274685488	-0.33523015372208
0.65	0.3525327	0.0646480083414263	-0.362086843632389
0.7	0.3796506	0.07482931574769	-0.38877750950682
0.75	0.4067685	0.0857321668504687	-0.415302151345375
0.8	0.4338864	0.09735205942656	-0.441660769148054
0.85	0.4610043	0.109684491252761	-0.467853362914855
0.9	0.4881222	0.12272496010587	-0.49387993264578
0.95	0.5152401	0.136468963762684	-0.519740478340828
1	0.542358	0.150912	-0.545435
1.05	0.56936935	0.165906603499993	-0.564500235612229
1.1	0.5963807	0.181391111131345	-0.58170894642317
1.15	0.62339205	0.197315375652864	-0.597061132432825
1.2	0.6504034	0.21362924982336	-0.610556793641192
1.25	0.67741475	0.230282586401641	-0.622195930048272
1.3	0.7044261	0.247225238146515	-0.631978541654064
1.35	0.73143745	0.264407057816792	-0.639904628458569
1.4	0.7584488	0.28177789817128	-0.645974190461788
1.45	0.78546015	0.299287611968788	-0.650187227663718
1.5	0.8124715	0.316886051968125	-0.652543740064362
1.55	0.83948285	0.334523070928099	-0.653043727663718
1.6	0.8664942	0.35214852160752	-0.651687190461787
1.65	0.89350555	0.369712256765196	-0.648474128458569
1.7	0.9205169	0.387164129159935	-0.643404541654064
1.75	0.94752825	0.404453991550547	-0.636478430048271
1.8	0.9745396	0.42153169669584	-0.627695793641191
1.85	1.00155095	0.438347097354623	-0.617056632432824
1.9	1.0285623	0.454850046285705	-0.60456094642317
1.95	1.05557365	0.470990396247894	-0.590208735612228
2	1.082585	0.486718	-0.574000
2.05	1.1094121	0.501850984091183	-0.554032438337157
2.1	1.1362392	0.516435908941326	-0.533141372638824
2.15	1.1630663	0.530447999615318	-0.511326802905001
2.2	1.1898934	0.543862481178048	-0.488588729135687
2.25	1.2167205	0.556654578694406	-0.464927151330884
2.3	1.2435476	0.568799517229282	-0.44034206949059
2.35	1.2703747	0.580272521847565	-0.414833483614806
2.4	1.2972018	0.591048817614144	-0.388401393703531
2.45	1.3240289	0.601103629593909	-0.361045799756766
2.5	1.350856	0.61041218285175	-0.332766701774512
2.55	1.3776831	0.618949702452556	-0.303564099756766
2.6	1.4045102	0.626691413461216	-0.273437993703531
2.65	1.4313373	0.63361254094262	-0.242388383614806
2.7	1.4581644	0.639688309961658	-0.21041526949059
2.75	1.4849915	0.644893945583219	-0.177518651330884
2.8	1.5118186	0.649204672872192	-0.143698529135687
2.85	1.5386457	0.652595716893467	-0.108954902905001
2.9	1.5654728	0.655042302711934	-0.0732877726388241
2.95	1.5922999	0.656519655392482	-0.0366971383371572
3	1.619127	0.657003	0.000817
3.05	1.64600675	0.656491378860119	0.0371149099900948
3.1	1.6728865	0.6550150050408	0.0725998610338638
3.15	1.69976625	0.652595730675281	0.107271853131307
3.2	1.726646	0.6492554078968	0.141130886282425
3.25	1.75352575	0.645015888838594	0.174176960487216
3.3	1.7804055	0.6398990256339	0.206410075745682
3.35	1.80728525	0.633926670415956	0.237830232057822
3.4	1.834165	0.627120675318	0.268437429423637
3.45	1.86104475	0.619502892473269	0.298231667843126
3.5	1.8879245	0.611095174015	0.327212947316288
3.55	1.91480425	0.601919372076431	0.355381267843126
3.6	1.941684	0.5919973387908	0.382736629423637
3.65	1.96856375	0.581350926291344	0.409279032057822
3.7	1.9954435	0.5700019867113	0.435008475745682
3.75	2.02232325	0.557972372183906	0.459924960487216
3.8	2.049203	0.5452839348424	0.484028486282425
3.85	2.07608275	0.531958526820019	0.507319053131307
3.9	2.1029625	0.51801800025	0.529796661033864
3.95	2.12984225	0.503484207265581	0.551461309990095
4	2.156722	0.488379	0.572313
4.05	2.1838218	0.472666848943913	0.58697462636191
4.1	2.2109216	0.45658088863162	0.599900602580462
4.15	2.2380214	0.440168154834877	0.611090928655654
4.2	2.2651212	0.42347568332544	0.620545604587488
4.25	2.292221	0.406550509875062	0.628264630375962
4.3	2.3193208	0.3894396702555	0.634248006021077
4.35	2.3464206	0.372190200238508	0.638495731522834
4.4	2.3735204	0.35484913559584	0.641007806881231
4.45	2.4006202	0.337463512099253	0.64178423209627
4.5	2.42772	0.3200803655205	0.640825007167949
4.55	2.4548198	0.302746731631337	0.63813013209627
4.6	2.4819196	0.28550964620352	0.633699606881232
4.65	2.5090194	0.268416145008803	0.627533431522834
4.7	2.5361192	0.25151326381894	0.619631606021078
4.75	2.563219	0.234848038405688	0.609994130375962
4.8	2.5903188	0.2184675045408	0.598621004587488
4.85	2.6174186	0.202418697996032	0.585512228655654
4.9	2.6445184	0.18674865454314	0.570667802580462
4.95	2.6716182	0.171504409953878	0.554087726361911
5	2.698718	0.156733	0.535772
5.05	2.725935	0.14253093986209	0.50786449712055
5.1	2.753152	0.12908683543112	0.480074773491568
5.15	2.780369	0.11639748110923	0.452402829113054
5.2	2.807586	0.10445967129856	0.424848663985009
5.25	2.834803	0.09327020040125	0.397412278107433
5.3	2.86202	0.08282586281944	0.370093671480325
5.35	2.889237	0.07312345295527	0.342892844103685
5.4	2.916454	0.06415976521088	0.315809795977514
5.45	2.943671	0.05593159398841	0.288844527101811
5.5	2.970888	0.04843573369	0.261997037476577
5.55	2.998105	0.04166897871779	0.235267327101811
5.6	3.025322	0.03562812347392	0.208655395977514
5.65	3.052539	0.03030996236053	0.182161244103685
5.7	3.079756	0.02571128977976	0.155784871480325
5.75	3.106973	0.02182890013375	0.129526278107433
5.8	3.13419	0.01865958782464	0.103385463985009
5.85	3.161407	0.01620014725457	0.0773624291130543
5.9	3.188624	0.01444737282568	0.0514571734915676
5.95	3.215841	0.01339805894011	0.0256696971205496
6	3.243058	0.013049	0.000000