0	0.000000	0.000000	0.000000
0.05	0.01987195	0.000143226639407125	-0.0143542866308478
0.1	0.0397439	0.000568084107227	-0.028344558879501
0.15	0.05961585	0.00126733872785737	-0.0419708167459598
0.2	0.0794878	0.002233756825696	-0.055233060230224
0.25	0.09935975	0.00346010472514062	-0.0681312893322937
0.3	0.1192317	0.004939148750589	-0.080665504052169
0.35	0.13910365	0.00666365522643887	-0.0928357043898497
0.4	0.1589756	0.008626390477088	-0.104641890345336
0.45	0.17884755	0.0108201208269341	-0.116084061918628
0.5	0.1987195	0.013237612600375	-0.127162219109725
0.55	0.21859145	0.0158716321218084	-0.137876361918628
0.6	0.2384634	0.018714945715632	-0.148226490345336
0.65	0.25833535	0.0217603197062436	-0.15821260438985
0.7	0.2782073	0.025000520418041	-0.167834704052169
0.75	0.29807925	0.0284283141754219	-0.177092789332294
0.8	0.3179512	0.032036467302784	-0.185986860230224
0.85	0.33782315	0.0358177461245251	-0.19451691674596
0.9	0.3576951	0.039764916965043	-0.202682958879501
0.95	0.37756705	0.0438707461487354	-0.210484986630848
1	0.397439	0.048128	-0.217923
1.05	0.4174996	0.052539607808274	-0.221809936133117
1.1	0.4375602	0.057023462653672	-0.225125878989063
1.15	0.4576208	0.061568110068458	-0.227870828567839
1.2	0.4776814	0.066162095584896	-0.230044784869446
1.25	0.497742	0.07079396473525	-0.231647747893882
1.3	0.5178026	0.075452263051784	-0.232679717641147
1.35	0.5378632	0.080125536066762	-0.233140694111243
1.4	0.5579238	0.084802329312448	-0.233030677304168
1.45	0.5779844	0.089471188321106	-0.232349667219924
1.5	0.598045	0.094120658625	-0.231097663858509
1.55	0.6181056	0.098739285756394	-0.229274667219924
1.6	0.6381662	0.103315615247552	-0.226880677304168
1.65	0.6582268	0.107838192630738	-0.223915694111243
1.7	0.6782874	0.112295563438216	-0.220379717641147
1.75	0.698348	0.11667627320225	-0.216272747893882
1.8	0.7184086	0.120968867455104	-0.211594784869446
1.85	0.7384692	0.125161891729042	-0.206345828567839
1.9	0.7585298	0.129243891556328	-0.200525878989063
1.95	0.7785904	0.133203412469226	-0.194134936133117
2	0.798651	0.137029	-0.187173
2.05	0.8182741	0.140623858351953	-0.179176012385097
2.1	0.8378972	0.144059350819324	-0.170930318203342
2.15	0.8575203	0.147330597008281	-0.162435917454734
2.2	0.8771434	0.150432716524992	-0.153692810139275
2.25	0.8967665	0.153360828975625	-0.144700996256962
2.3	0.9163896	0.156110053966348	-0.135460475807798
2.35	0.9360127	0.158675511103329	-0.125971248791781
2.4	0.9556358	0.161052319992736	-0.116233315208912
2.45	0.9752589	0.163235600240737	-0.10624667505919
2.5	0.994882	0.1652204714535	-0.0960113283426165
2.55	1.0145051	0.167002053237193	-0.0855272750591903
2.6	1.0341282	0.168575465197984	-0.0747945152089118
2.65	1.0537513	0.169935826942041	-0.063813048791781
2.7	1.0733744	0.171078258075532	-0.0525828758077979
2.75	1.0929975	0.171997878204625	-0.0411039962569624
2.8	1.1126206	0.172689806935488	-0.0293764101392745
2.85	1.1322437	0.173149163874289	-0.0174001174547344
2.9	1.1518668	0.173371068627196	-0.00517511820334194
2.95	1.1714899	0.173350640800377	0.00729858761490285
3	1.191113	0.173083	0.020021
3.05	1.21372265	0.172483339646001	0.0330058282290139
3.1	1.2363323	0.171591304913825	0.0458837955918159
3.15	1.25894195	0.170409311890257	0.0586549020884059
3.2	1.2815516	0.16893977666208	0.0713191477187838
3.25	1.30416125	0.167185115316078	0.0838765324829498
3.3	1.3267709	0.165147743939035	0.0963270563809037
3.35	1.34938055	0.162830078617734	0.108670719412646
3.4	1.3719902	0.16023453543896	0.120907521578176
3.45	1.39459985	0.157363530489496	0.133037462877494
3.5	1.4172095	0.154219479856125	0.1450605433106
3.55	1.43981915	0.150804799625632	0.156976762877494
3.6	1.4624288	0.1471219058848	0.168786121578176
3.65	1.48503845	0.143173214720413	0.180488619412646
3.7	1.5076481	0.138961142219255	0.192084256380904
3.75	1.53025775	0.134488104468109	0.20357303248295
3.8	1.5528674	0.12975651755376	0.214954947718784
3.85	1.57547705	0.124768797562991	0.226230002088406
3.9	1.5980867	0.119527360582585	0.237398195591816
3.95	1.62069635	0.114034622699327	0.248459528229014
4	1.643306	0.108293	0.259414
4.05	1.66579745	0.102408143102743	0.263806314616137
4.1	1.6882889	0.096429687428935	0.267737054009524
4.15	1.71078035	0.0903680144746194	0.271206218180158
4.2	1.7332718	0.08423350573584	0.274213807128042
4.25	1.75576325	0.0780365427086406	0.276759820853174
4.3	1.7782547	0.071787506889065	0.278844259355555
4.35	1.80074615	0.0654967797731569	0.280467122635184
4.4	1.8232376	0.05917474285696	0.281628410692063
4.45	1.84572905	0.0528317776365181	0.28232812352619
4.5	1.8682205	0.046478265607875	0.282566261137565
4.55	1.89071195	0.0401245882670744	0.28234282352619
4.6	1.9132034	0.03378112711016	0.281657810692063
4.65	1.93569485	0.0274582636331756	0.280511222635184
4.7	1.9581863	0.021166379332165	0.278903059355555
4.75	1.98067775	0.0149158557031719	0.276833320853174
4.8	2.0031692	0.00871707424224	0.274302007128042
4.85	2.02566065	0.00258041644541314	0.271309118180158
4.9	2.0481521	-0.00348373619126499	0.267854654009524
4.95	2.07064355	-0.00946500217175061	0.263938614616137
5	2.093135	-0.015353	0.259561
5.05	2.11564075	-0.0210707875156144	0.248522892723776
5.1	2.1381465	-0.026537856260715	0.237280580950313
5.15	2.16065225	-0.0317496104599381	0.22583406467961
5.2	2.183158	-0.03670145433792	0.214183343911667
5.25	2.20566375	-0.0413887921192969	0.202328418646485
5.3	2.2281695	-0.045807028028705	0.190269288884063
5.35	2.25067525	-0.0499515662907806	0.178005954624402
5.4	2.273181	-0.05381781113016	0.165538415867501
5.45	2.29568675	-0.0574011667714794	0.15286667261336
5.5	2.3181925	-0.060697037439375	0.13999072486198
5.55	2.34069825	-0.0637008273584831	0.12691057261336
5.6	2.363204	-0.06640794075344	0.113626215867501
5.65	2.38570975	-0.0688137818488819	0.100137654624402
5.7	2.4082155	-0.070913754869445	0.0864448888840631
5.75	2.43072125	-0.0727032640397656	0.0725479186464848
5.8	2.453227	-0.07417771358448	0.058446743911667
5.85	2.47573275	-0.0753325077282244	0.0441413646796097
5.9	2.4982385	-0.076163050695635	0.0296317809503127
5.95	2.52074425	-0.0766647467113481	0.0149179927237761
6	2.543250	-0.076833	0.000000