0	0.000000	0.000000	0.000000
0.05	0.0254184	0.000469825011546	-0.0368182423739496
0.1	0.0508368	0.001864143201648	-0.0727420434453781
0.15	0.0762552	0.004160219303502	-0.107771403214286
0.2	0.1016736	0.007335318050304	-0.141906321680672
0.25	0.127092	0.01136670417525	-0.175146798844538
0.3	0.1525104	0.016231642411536	-0.207492834705882
0.35	0.1779288	0.021907397492358	-0.238944429264706
0.4	0.2033472	0.028371234150912	-0.269501582521008
0.45	0.2287656	0.035600417120394	-0.29916429447479
0.5	0.254184	0.043572211134	-0.32793256512605
0.55	0.2796024	0.052263880924926	-0.35580639447479
0.6	0.3050208	0.061652691226368	-0.382785782521008
0.65	0.3304392	0.071715906771522	-0.408870729264706
0.7	0.3558576	0.082430792293584	-0.434061234705882
0.75	0.381276	0.09377461252575	-0.458357298844538
0.8	0.4066944	0.105724632201216	-0.481758921680672
0.85	0.4321128	0.118258116053178	-0.504266103214286
0.9	0.4575312	0.131352328814832	-0.525878843445378
0.95	0.4829496	0.144984535219374	-0.546597142373949
1	0.508368	0.159132	-0.566421
1.05	0.53410745	0.173834576095809	-0.575792360186057
1.1	0.5598469	0.188762740295226	-0.58394958772095
1.15	0.58558635	0.203885241491581	-0.590892682604679
1.2	0.6113258	0.219170828578208	-0.596621644837244
1.25	0.63706525	0.234588250448438	-0.601136474418645
1.3	0.6628047	0.250106255995602	-0.604437171348883
1.35	0.68854415	0.265693594113034	-0.606523735627956
1.4	0.7142836	0.281319013694064	-0.607396167255866
1.45	0.74002305	0.296951263632026	-0.607054466232612
1.5	0.7657625	0.31255909282025	-0.605498632558194
1.55	0.79150195	0.328111250152069	-0.602728666232612
1.6	0.8172414	0.343576484520816	-0.598744567255866
1.65	0.84298085	0.358923544819821	-0.593546335627956
1.7	0.8687203	0.374121179942418	-0.587133971348883
1.75	0.89445975	0.389138138781937	-0.579507474418645
1.8	0.9201992	0.403943170231712	-0.570666844837244
1.85	0.94593865	0.418505023185073	-0.560612082604679
1.9	0.9716781	0.432792446535354	-0.54934318772095
1.95	0.99741755	0.446774189175885	-0.536860160186057
2	1.023157	0.460419	-0.523163
2.05	1.04890325	0.473643054103794	-0.503982895972957
2.1	1.0746495	0.4863644329041	-0.484114571317182
2.15	1.10039575	0.498565417300556	-0.463558026032675
2.2	1.126142	0.5102282881928	-0.442313260119435
2.25	1.15188825	0.521335326480469	-0.420380273577463
2.3	1.1776345	0.5318688130632	-0.397759066406758
2.35	1.20338075	0.541811028840631	-0.374449638607321
2.4	1.229127	0.5511442547124	-0.350451990179152
2.45	1.25487325	0.559850771578144	-0.325766121122251
2.5	1.2806195	0.5679128603375	-0.300392031436617
2.55	1.30636575	0.575312801890106	-0.274329721122251
2.6	1.332112	0.5820328771356	-0.247579190179152
2.65	1.35785825	0.588055366973619	-0.220140438607321
2.7	1.3836045	0.5933625523038	-0.192013466406758
2.75	1.40935075	0.597936714025781	-0.163198273577463
2.8	1.435097	0.6017601330392	-0.133694860119435
2.85	1.46084325	0.604815090243694	-0.103503226032675
2.9	1.4865895	0.6070838665389	-0.0726233713171821
2.95	1.51233575	0.608548742824456	-0.0410552959729573
3	1.538082	0.609192	-0.008799
3.05	1.56214875	0.609066784268216	0.0191258637378853
3.1	1.5862155	0.60827520006918	0.0465776891875721
3.15	1.61028225	0.606828631897114	0.0735564763490604
3.2	1.634349	0.60473846424624	0.10006222522235
3.25	1.65841575	0.602016081610781	0.126094935807442
3.3	1.6824825	0.59867286848496	0.151654608104335
3.35	1.70654925	0.594720209362999	0.176741242113029
3.4	1.730616	0.59016948873912	0.201354837833526
3.45	1.75468275	0.585032091107546	0.225495395265823
3.5	1.7787495	0.5793194009625	0.249162914409922
3.55	1.80281625	0.573042802798204	0.272357395265823
3.6	1.826883	0.56621368110888	0.295078837833526
3.65	1.85094975	0.558843420388751	0.317327242113029
3.7	1.8750165	0.55094340513204	0.339102608104335
3.75	1.89908325	0.542525019832969	0.360404935807442
3.8	1.92315	0.53359964898576	0.38123422522235
3.85	1.94721675	0.524178677084636	0.40159047634906
3.9	1.9712835	0.51427348862382	0.421473689187572
3.95	1.99535025	0.503895468097534	0.440883863737885
4	2.019417	0.493056	0.459821
4.05	2.04360895	0.481801683829281	0.470425292509647
4.1	2.0678009	0.47030331078046	0.479997701597225
4.15	2.09199285	0.458585844125689	0.488538227262736
4.2	2.1161848	0.44667424713712	0.496046869506179
4.25	2.14037675	0.434593483086906	0.502523628327553
4.3	2.1645687	0.4223685152472	0.50796850372686
4.35	2.18876065	0.410024306890154	0.512381495704098
4.4	2.2129526	0.39758582128792	0.515762604259268
4.45	2.23714455	0.385078021712651	0.51811182939237
4.5	2.2613365	0.3725258714365	0.519429171103404
4.55	2.28552845	0.359954333731619	0.51971462939237
4.6	2.3097204	0.34738837187016	0.518968204259268
4.65	2.33391235	0.334852949124276	0.517189895704098
4.7	2.3581043	0.32237302876612	0.51437970372686
4.75	2.38229625	0.309973574067844	0.510537628327553
4.8	2.4064882	0.2976795483016	0.505663669506179
4.85	2.43068015	0.285515914739541	0.499757827262736
4.9	2.4548721	0.27350763665382	0.492820101597226
4.95	2.47906405	0.261679677316589	0.484850492509647
5	2.503256	0.250057	0.475849
5.05	2.52753255	0.238698690733043	0.459759147122105
5.1	2.5518091	0.227740829293661	0.442858494547145
5.15	2.57608565	0.217203099101241	0.425147042275123
5.2	2.6003622	0.207105183575168	0.406624790306036
5.25	2.62463875	0.197466766134828	0.387291738639886
5.3	2.6489153	0.188307530199607	0.367147887276672
5.35	2.67319185	0.17964715918889	0.346193236216395
5.4	2.6974684	0.171505336522064	0.324427785459054
5.45	2.72174495	0.163901745618514	0.30185153500465
5.5	2.7460215	0.156856069897625	0.278464484853181
5.55	2.77029805	0.150387992778784	0.254266635004649
5.6	2.7945746	0.144517197681376	0.229257985459054
5.65	2.81885115	0.139263368024787	0.203438536216395
5.7	2.8431277	0.134646187228403	0.176808287276672
5.75	2.86740425	0.130685338711609	0.149367238639886
5.8	2.8916808	0.127400505893792	0.121115390306036
5.85	2.91595735	0.124811372194337	0.0920527422751225
5.9	2.9402339	0.122937621032629	0.0621792945471453
5.95	2.96451045	0.121798935828055	0.0314950471221045
6	2.988787	0.121415	0.000000