0	0.000000	0.000000	0.000000
0.05	0.0236261	0.0003502735138905	-0.029538691518342
0.1	0.0472522	0.001390442263164	-0.0584011102452796
0.15	0.0708783	0.0031045285592235	-0.0865872561808128
0.2	0.0945044	0.005476554713472	-0.114097129324941
0.25	0.1181305	0.0084905430373125	-0.140930729677666
0.3	0.1417566	0.012130515842148	-0.167088057238986
0.35	0.1653827	0.0163804954393815	-0.192569112008901
0.4	0.1890088	0.021224504140416	-0.217373893987412
0.45	0.2126349	0.0266465642566545	-0.241502403174519
0.5	0.236261	0.0326306980995	-0.264954639570221
0.55	0.2598871	0.0391609279803555	-0.287730603174519
0.6	0.2835132	0.046221276210624	-0.309830293987412
0.65	0.3071393	0.0537957651017085	-0.331253712008901
0.7	0.3307654	0.061868416965012	-0.352000857238986
0.75	0.3543915	0.0704232541119375	-0.372071729677666
0.8	0.3780176	0.079444298853888	-0.391466329324942
0.85	0.4016437	0.0889155735022665	-0.410184656180813
0.9	0.4252698	0.098821100368476	-0.42822671024528
0.95	0.4488959	0.10914490176392	-0.445592491518342
1	0.472522	0.119871	-0.462282
1.05	0.49628285	0.130928834094765	-0.468362502468315
1.1	0.5200437	0.142122854807438	-0.473745109939964
1.15	0.54380455	0.153436479559688	-0.478429822414949
1.2	0.5675654	0.164853125773184	-0.48241663989327
1.25	0.59132625	0.176356210869594	-0.485705562374926
1.3	0.6150871	0.187929152270586	-0.488296589859917
1.35	0.63884795	0.199555367397829	-0.490189722348243
1.4	0.6626088	0.211218273672992	-0.491384959839905
1.45	0.68636965	0.222901288517743	-0.491882302334902
1.5	0.7101305	0.23458782935375	-0.491681749833234
1.55	0.73389135	0.246261313602682	-0.490783302334902
1.6	0.7576522	0.257905158686208	-0.489186959839905
1.65	0.78141305	0.269502782025996	-0.486892722348243
1.7	0.8051739	0.281037601043714	-0.483900589859917
1.75	0.82893475	0.292493033161031	-0.480210562374926
1.8	0.8526956	0.303852495799616	-0.47582263989327
1.85	0.87645645	0.315099406381137	-0.470736822414949
1.9	0.9002173	0.326217182327262	-0.464953109939964
1.95	0.92397815	0.33718924105966	-0.458471502468315
2	0.947739	0.347999	-0.451292
2.05	0.9714858	0.358494309559802	-0.432576751811865
2.1	0.9952326	0.368540497931696	-0.41346617185406
2.15	1.0189794	0.378128177251214	-0.393960260126586
2.2	1.0427262	0.387247959653888	-0.374059016629441
2.25	1.066473	0.39589045727525	-0.353762441362626
2.3	1.0902198	0.404046282250832	-0.333070534326141
2.35	1.1139666	0.411706046716166	-0.311983295519986
2.4	1.1377134	0.418860362806784	-0.290500724944161
2.45	1.1614602	0.425499842658218	-0.268622822598666
2.5	1.185207	0.431615098406	-0.246349588483501
2.55	1.2089538	0.437196742185662	-0.223681022598666
2.6	1.2327006	0.442235386132736	-0.200617124944161
2.65	1.2564474	0.446721642382754	-0.177157895519986
2.7	1.2801942	0.450646123071248	-0.153303334326141
2.75	1.303941	0.45399944033375	-0.129053441362626
2.8	1.3276878	0.456772206305792	-0.104408216629441
2.85	1.3514346	0.458955033122906	-0.0793676601265856
2.9	1.3751814	0.460538532920624	-0.0539317718540604
2.95	1.3989282	0.461513317834478	-0.0281005518118652
3	1.422675	0.461870	-0.001874
3.05	1.44631255	0.461592561082771	0.0252644384453285
3.1	1.4699501	0.460679591498421	0.0518989728437803
3.15	1.49358765	0.459143002304052	0.0780296031953554
3.2	1.5172252	0.456994704556768	0.103656329500054
3.25	1.54086275	0.454246609313672	0.128779151757876
3.3	1.5645003	0.450910627631867	0.153398069968821
3.35	1.58813785	0.446998670568457	0.177513084132889
3.4	1.6117754	0.442522649180544	0.201124194250081
3.45	1.63541295	0.437494474525232	0.224231400320396
3.5	1.6590505	0.431926057659625	0.246834702343834
3.55	1.68268805	0.425829309640825	0.268934100320396
3.6	1.7063256	0.419216141525936	0.290529594250081
3.65	1.72996315	0.412098464372061	0.311621184132889
3.7	1.7536007	0.404488189236303	0.332208869968821
3.75	1.77723825	0.396397227175766	0.352292651757876
3.8	1.8008758	0.387837489247552	0.371872529500054
3.85	1.82451335	0.378820886508765	0.390948503195356
3.9	1.8481509	0.369359330016509	0.40952057284378
3.95	1.87178845	0.359464730827886	0.427588738445329
4	1.895426	0.349149	0.445153
4.05	1.9191117	0.33849398428443	0.454401314401063
4.1	1.9427974	0.327630289188042	0.462773706233593
4.15	1.9664831	0.316578661550017	0.470270175497589
4.2	1.9901688	0.305359848209536	0.476890722193053
4.25	2.0138545	0.293994596005781	0.482635346319984
4.3	2.0375402	0.282503651777934	0.487504047878382
4.35	2.0612259	0.270907762365176	0.491496826868248
4.4	2.0849116	0.259227674606688	0.49461368328958
4.45	2.1085973	0.247484135341652	0.496854617142379
4.5	2.132283	0.23569789140925	0.498219628426646
4.55	2.1559687	0.223889689648663	0.498708717142379
4.6	2.1796544	0.212080276899072	0.49832188328958
4.65	2.2033401	0.200290399999659	0.497059126868248
4.7	2.2270258	0.188540805789606	0.494920447878382
4.75	2.2507115	0.176852241108094	0.491905846319984
4.8	2.2743972	0.165245452794304	0.488015322193053
4.85	2.2980829	0.153741187687418	0.483248875497589
4.9	2.3217686	0.142360192626618	0.477606506233592
4.95	2.3454543	0.131123214451085	0.471088214401063
5	2.369140	0.120051	0.463694
5.05	2.3927197	0.10929193271585	0.448732069111503
5.1	2.4162994	0.098895868032884	0.432904583579689
5.15	2.4398791	0.0888832154699235	0.41621154340456
5.2	2.4634588	0.079274384545792	0.398652948586114
5.25	2.4870385	0.0700897847793125	0.380228799124353
5.3	2.5106182	0.061349825689308	0.360939095019275
5.35	2.5341979	0.0530749167946015	0.340783836270881
5.4	2.5577776	0.045285467614016	0.319763022879171
5.45	2.5813573	0.0380018876663745	0.297876654844146
5.5	2.604937	0.0312445864705	0.275124732165804
5.55	2.6285167	0.0250339735452155	0.251507254844146
5.6	2.6520964	0.019390458409344	0.227024222879172
5.65	2.6756761	0.0143344505817085	0.201675636270881
5.7	2.6992558	0.009886359581132	0.175461495019275
5.75	2.7228355	0.00606659492643748	0.148381799124353
5.8	2.7464152	0.00289556613644799	0.120436548586114
5.85	2.7699949	0.00039368272998648	0.0916257434045599
5.9	2.7935746	-0.00141864577412402	0.0619493835796893
5.95	2.8171543	-0.00252100985706051	0.0314074691115028
6	2.840734	-0.002893	0.000000