0	0.000000	0.000000	0.000000
0.05	0.02734245	0.00013279597339925	-0.00963867253602914
0.1	0.0546849	0.000522995793934	-0.0188281479630026
0.15	0.08202735	0.00115831731210975	-0.0275684262809203
0.2	0.1093698	0.002026478378432	-0.0358595074897824
0.25	0.13671225	0.00311519684340625	-0.0437013915895887
0.3	0.1640547	0.004412190557538	-0.0510940785803394
0.35	0.19139715	0.00590517737133275	-0.0580375684620343
0.4	0.2187396	0.007581875135296	-0.0645318612346735
0.45	0.24608205	0.00943000169993325	-0.0705769568982571
0.5	0.2734245	0.01143727491575	-0.0761728554527849
0.55	0.30076695	0.0135914126332518	-0.0813195568982571
0.6	0.3281094	0.015880132702944	-0.0860170612346736
0.65	0.35545185	0.0182911529753323	-0.0902653684620343
0.7	0.3827943	0.020812191300922	-0.0940644785803393
0.75	0.41013675	0.0234309655302187	-0.0974143915895887
0.8	0.4374792	0.026135193513728	-0.100315107489782
0.85	0.46482165	0.0289125931019552	-0.10276662628092
0.9	0.4921641	0.031750882145406	-0.104768947963003
0.95	0.51950655	0.0346377784945857	-0.106322072536029
1	0.546849	0.037561	-0.107426
1.05	0.57404445	0.0404858272323884	-0.107720164813144
1.1	0.6012399	0.043422681318517	-0.108310475435431
1.15	0.62843535	0.0463796160769311	-0.109196931866861
1.2	0.6556308	0.049364685326176	-0.110379534107433
1.25	0.68282625	0.0523859428847969	-0.111858282157149
1.3	0.7100217	0.055451442571339	-0.113633176016006
1.35	0.73721715	0.0585692382043476	-0.115704215684007
1.4	0.7644126	0.061747383602368	-0.11807140116115
1.45	0.79160805	0.0649939325839454	-0.120734732447436
1.5	0.8188035	0.068316938967625	-0.123694209542865
1.55	0.84599895	0.0717244565719521	-0.126949832447436
1.6	0.8731944	0.075224539215472	-0.13050160116115
1.65	0.90038985	0.0788252407167299	-0.134349515684007
1.7	0.9275853	0.082534614894271	-0.138493576016006
1.75	0.95478075	0.0863607155666406	-0.142933782157149
1.8	0.9819762	0.090311596552384	-0.147670134107433
1.85	1.00917165	0.0943953116700464	-0.152702631866861
1.9	1.0363671	0.098619914738173	-0.158031275435431
1.95	1.06356255	0.102993459575309	-0.163656064813144
2	1.090758	0.107524	-0.169577
2.05	1.11800845	0.112143822961285	-0.169365860816519
2.1	1.1452589	0.11674799096171	-0.168428031020772
2.15	1.17250935	0.12131670135508	-0.166763510612761
2.2	1.1997598	0.1258301514952	-0.164372299592484
2.25	1.22701025	0.130268538735875	-0.161254397959942
2.3	1.2542607	0.13461206043091	-0.157409805715135
2.35	1.28151115	0.13884091393411	-0.152838522858063
2.4	1.3087616	0.14293529659928	-0.147540549388726
2.45	1.33601205	0.146875405780225	-0.141515885307123
2.5	1.3632625	0.15064143883075	-0.134764530613256
2.55	1.39051295	0.15421359310466	-0.127286485307123
2.6	1.4177634	0.15757206595576	-0.119081749388726
2.65	1.44501385	0.160697054737855	-0.110150322858063
2.7	1.4722643	0.16356875680475	-0.100492205715135
2.75	1.49951475	0.16616736951025	-0.090107397959942
2.8	1.5267652	0.16847309020816	-0.0789958995924838
2.85	1.55401565	0.170466116252285	-0.0671577106127606
2.9	1.5812661	0.17212664499643	-0.0545928310207722
2.95	1.60851655	0.1734348737944	-0.0413012608165187
3	1.635767	0.174371	-0.027283
3.05	1.6615894	0.17490143447474	-0.0138105955596691
3.1	1.6874118	0.17508477807056	-0.000400070534109918
3.15	1.7132342	0.17492262866246	0.0129485750766776
3.2	1.7390566	0.17441658412544	0.0262353412726935
3.25	1.764879	0.1735682423345	0.0394602280539377
3.3	1.7907014	0.17237920116464	0.0526232354204102
3.35	1.8165238	0.17085105849086	0.065724363372111
3.4	1.8423462	0.16898541218816	0.0787636119090402
3.45	1.8681686	0.16678386013154	0.0917409810311977
3.5	1.893991	0.164248000196	0.104656470738584
3.55	1.9198134	0.16137943025654	0.117510081031198
3.6	1.9456358	0.15817974818816	0.13030181190904
3.65	1.9714582	0.15465055186586	0.143031663372111
3.7	1.9972806	0.15079343916464	0.15569963542041
3.75	2.023103	0.1466100079595	0.168305728053938
3.8	2.0489254	0.14210185612544	0.180849941272693
3.85	2.0747478	0.13727058153746	0.193332275076678
3.9	2.1005702	0.13211778207056	0.20575272946589
3.95	2.1263926	0.12664505559974	0.218111304440331
4	2.152215	0.120854	0.230408
4.05	2.17814545	0.114780620808339	0.237925447962921
4.1	2.2040759	0.108520294790923	0.244827096140271
4.15	2.23000635	0.102088989913301	0.251112944532051
4.2	2.2559368	0.095502674141024	0.25678299313826
4.25	2.28186725	0.0887773154396406	0.261837241958899
4.3	2.3077977	0.081928881774701	0.266275690993966
4.35	2.33372815	0.0749733411117549	0.270098340243464
4.4	2.3596586	0.067926661416352	0.27330518970739
4.45	2.38558905	0.0608048106540421	0.275896239385746
4.5	2.4115195	0.053623756790375	0.277871489278532
4.55	2.43744995	0.0463994677909004	0.279230939385746
4.6	2.4633804	0.039147911621168	0.27997458970739
4.65	2.48931085	0.0318850562467276	0.280102440243464
4.7	2.5152413	0.024626869633129	0.279614490993966
4.75	2.54117175	0.0173893197459219	0.278510741958899
4.8	2.5671022	0.010188374550656	0.27679119313826
4.85	2.59303265	0.00304000201288114	0.274455844532051
4.9	2.6189631	-0.00403982990185299	0.271504696140271
4.95	2.64489355	-0.0110351532279966	0.267937747962921
5	2.670824	-0.017930	0.263755
5.05	2.6965266	-0.0245888218098575	0.2543229412539
5.1	2.7222292	-0.03100013460606	0.244495546586338
5.15	2.7479318	-0.0371537772275525	0.234272815997312
5.2	2.7736344	-0.04303958851328	0.223654749486822
5.25	2.799337	-0.0486474073021875	0.21264134705487
5.3	2.8250396	-0.05396707243322	0.201232608701454
5.35	2.8507422	-0.0589884227453225	0.189428534426576
5.4	2.8764448	-0.06370129707744	0.177229124230233
5.45	2.9021474	-0.0680955342685175	0.164634378112428
5.5	2.92785	-0.0721609731575	0.15164429607316
5.55	2.9535526	-0.0758874525833325	0.138258878112428
5.6	2.9792552	-0.07926481138496	0.124478124230234
5.65	3.0049578	-0.0822828884013275	0.110302034426575
5.7	3.0306604	-0.08493152247138	0.0957306087014543
5.75	3.056363	-0.0872005524340625	0.0807638470548699
5.8	3.0820656	-0.08907981712832	0.0654017494868223
5.85	3.1077682	-0.0905591553930975	0.0496443159973116
5.9	3.1334708	-0.09162840606734	0.0334915465863376
5.95	3.1591734	-0.0922774079899925	0.0169434412539004
6	3.184876	-0.092496	0.000000