0	0.000000	0.000000	0.000000
0.05	0.02530125	0.000404049098625	-0.0318714576700756
0.1	0.0506025	0.001609354479	-0.0633372882169854
0.15	0.07590375	0.003605653267875	-0.0943974916407293
0.2	0.101205	0.006382682592	-0.125052067941307
0.25	0.12650625	0.009930179578125	-0.155301017118719
0.3	0.1518075	0.014237881353	-0.185144339172966
0.35	0.17710875	0.019295525043375	-0.214582034104046
0.4	0.20241	0.025092847776	-0.243614101911961
0.45	0.22771125	0.031619586677625	-0.27224054259671
0.5	0.2530125	0.038865478875	-0.300461356158293
0.55	0.27831375	0.046820261494875	-0.32827654259671
0.6	0.303615	0.055473671664	-0.355686101911961
0.65	0.32891625	0.064815446509125	-0.382690034104046
0.7	0.3542175	0.074835323157	-0.409288339172966
0.75	0.37951875	0.085523038734375	-0.43548101711872
0.8	0.40482	0.096868330368	-0.461268067941307
0.85	0.43012125	0.108860935184625	-0.486649491640729
0.9	0.4554225	0.121490590311	-0.511625288216985
0.95	0.48072375	0.134747032873875	-0.536195457670076
1	0.506025	0.148620	-0.560360
1.05	0.531649	0.16312554107478	-0.571603175302061
1.1	0.557273	0.17790220403664	-0.581521558467062
1.15	0.582897	0.19291604241186	-0.590115149495005
1.2	0.608521	0.20813310972672	-0.597383948385888
1.25	0.634145	0.2235194595075	-0.603327955139713
1.3	0.659769	0.23904114528048	-0.607947169756478
1.35	0.685393	0.25466422057194	-0.611241592236185
1.4	0.711017	0.27035473890816	-0.613211222578832
1.45	0.736641	0.28607875381542	-0.613856060784421
1.5	0.762265	0.30180231882	-0.61317610685295
1.55	0.787889	0.31749148744818	-0.611171360784421
1.6	0.813513	0.33311231322624	-0.607841822578832
1.65	0.839137	0.34863084968046	-0.603187492236185
1.7	0.864761	0.36401315033712	-0.597208369756478
1.75	0.890385	0.3792252687225	-0.589904455139713
1.8	0.916009	0.39423325836288	-0.581275748385888
1.85	0.941633	0.40900317278454	-0.571322249495005
1.9	0.967257	0.42350106551376	-0.560043958467062
1.95	0.992881	0.43769299007682	-0.547440875302061
2	1.018505	0.451545	-0.533513
2.05	1.0439279	0.464845598980196	-0.512734260359705
2.1	1.0693508	0.47761026668541	-0.491351698576284
2.15	1.0947737	0.489823652205679	-0.469365314649735
2.2	1.1201966	0.50147040463104	-0.44677510858006
2.25	1.1456195	0.512535173051531	-0.423581080367258
2.3	1.1710424	0.52300260655719	-0.399783230011328
2.35	1.1964653	0.532857354238054	-0.375381557512273
2.4	1.2218882	0.54208406518416	-0.35037606287009
2.45	1.2473111	0.550667388485546	-0.32476674608478
2.5	1.272734	0.55859197323225	-0.298553607156343
2.55	1.2981569	0.565842468514309	-0.27173664608478
2.6	1.3235798	0.57240352342176	-0.24431586287009
2.65	1.3490027	0.578259787044641	-0.216291257512272
2.7	1.3744256	0.58339590847299	-0.187662830011328
2.75	1.3998485	0.587796536796844	-0.158430580367258
2.8	1.4252714	0.59144632110624	-0.12859450858006
2.85	1.4506943	0.594329910491216	-0.0981546146497351
2.9	1.4761172	0.59643195404181	-0.0671108985762836
2.95	1.5015401	0.597737100848059	-0.0354633603597052
3	1.526963	0.598230	-0.003212
3.05	1.551781	0.59791958724883	0.0281208779962125
3.1	1.576599	0.59683946603624	0.0588162425191394
3.15	1.601417	0.59500545817161	0.0888740935687808
3.2	1.626235	0.59243338546432	0.118294431145137
3.25	1.651053	0.58913906972375	0.147077255248207
3.3	1.675871	0.58513833275928	0.175222565877992
3.35	1.700689	0.58044699638029	0.202730363034491
3.4	1.725507	0.57508088239616	0.229600646717705
3.45	1.750325	0.56905581261627	0.255833416927633
3.5	1.775143	0.56238760885	0.281428673664276
3.55	1.799961	0.55509209290673	0.306386416927633
3.6	1.824779	0.54718508659584	0.330706646717705
3.65	1.849597	0.53868241172671	0.354389363034491
3.7	1.874415	0.52959989010872	0.377434565877992
3.75	1.899233	0.51995334355125	0.399842255248207
3.8	1.924051	0.50975859386368	0.421612431145137
3.85	1.948869	0.49903146285539	0.442745093568781
3.9	1.973687	0.48778777233576	0.46324024251914
3.95	1.998505	0.47604334411417	0.483097877996213
4	2.023323	0.463814	0.502318
4.05	2.0481334	0.45116589091181	0.517022226265195
4.1	2.0729438	0.43817090236824	0.530280423449844
4.15	2.0977542	0.42486491092919	0.542092591553945
4.2	2.1225646	0.41128379315456	0.5524587305775
4.25	2.147375	0.39746342560425	0.561378840520507
4.3	2.1721854	0.38343968483816	0.568852921382968
4.35	2.1969958	0.36924844741619	0.574880973164882
4.4	2.2218062	0.35492558989824	0.579462995866249
4.45	2.2466166	0.34050698884421	0.58259898948707
4.5	2.271427	0.326028520814	0.584288954027343
4.55	2.2962374	0.31152606236751	0.584532889487069
4.6	2.3210478	0.29703549006464	0.583330795866249
4.65	2.3458582	0.28259268046529	0.580682673164882
4.7	2.3706686	0.26823351012936	0.576588521382968
4.75	2.395479	0.25399385561675	0.571048340520507
4.8	2.4202894	0.23990959348736	0.564062130577499
4.85	2.4450998	0.22601660030109	0.555629891553945
4.9	2.4699102	0.21235075261784	0.545751623449843
4.95	2.4947206	0.19894792699751	0.534427326265195
5	2.519531	0.185844	0.521657
5.05	2.5444921	0.173059592880213	0.502566775031159
5.1	2.5694532	0.160760885280826	0.482740484269564
5.15	2.5944143	0.148966250213698	0.462178127715215
5.2	2.6193754	0.137694060690688	0.440879705368113
5.25	2.6443365	0.126962689723656	0.418845217228257
5.3	2.6692976	0.116790510324462	0.396074663295648
5.35	2.6942587	0.107195895504965	0.372568043570286
5.4	2.7192198	0.098197218277024	0.348325358052169
5.45	2.7441809	0.0898128516524993	0.3233466067413
5.5	2.769142	0.08206116864325	0.297631789637677
5.55	2.7941031	0.0749605422611358	0.2711809067413
5.6	2.8190642	0.068529345518016	0.243993958052169
5.65	2.8440253	0.0627859514257503	0.216070943570286
5.7	2.8689864	0.057748732996198	0.187411863295648
5.75	2.8939475	0.0534360632412188	0.158016717228257
5.8	2.9189086	0.049866315172672	0.127885505368113
5.85	2.9438697	0.0470578618024173	0.0970182277152149
5.9	2.9688308	0.0450290761423141	0.0654148842695635
5.95	2.9937919	0.0437983312042218	0.0330754750311585
6	3.018753	0.043384	0.000000