0	0.000000	0.000000	0.000000
0.05	0.0247807	0.000256985195104	-0.0206773336101079
0.1	0.0495614	0.001021654423552	-0.040974147892836
0.15	0.0743421	0.002284578150048	-0.0608904428481843
0.2	0.0991228	0.004036326839296	-0.0804262184761528
0.25	0.1239035	0.006267470956	-0.0995814747767416
0.3	0.1486842	0.008968580964864	-0.118356211749951
0.35	0.1734649	0.012130227330592	-0.13675042939578
0.4	0.1982456	0.015742980517888	-0.154764127714229
0.45	0.2230263	0.019797410991456	-0.172397306705299
0.5	0.247807	0.024284089216	-0.189649966368989
0.55	0.2725877	0.029193585656224	-0.206522106705299
0.6	0.2973684	0.034516470776832	-0.223013727714229
0.65	0.3221491	0.040243315042528	-0.23912482939578
0.7	0.3469298	0.046364688918016	-0.254855411749951
0.75	0.3717105	0.052871162868	-0.270205474776742
0.8	0.3964912	0.059753307357184	-0.285175018476153
0.85	0.4212719	0.067001692850272	-0.299764042848184
0.9	0.4460526	0.074606889811968	-0.313972547892836
0.95	0.4708333	0.082559468706976	-0.327800533610108
1	0.495614	0.090850	-0.341248
1.05	0.5204871	0.0993994520040383	-0.346058922563724
1.1	0.5453602	0.108058215988726	-0.350037574331266
1.15	0.5702333	0.116805590799323	-0.353183955302626
1.2	0.5951064	0.125620875281088	-0.355498065477805
1.25	0.6199795	0.134483368279281	-0.356979904856803
1.3	0.6448526	0.143372368639162	-0.35762947343962
1.35	0.6697257	0.15226717520599	-0.357446771226255
1.4	0.6945988	0.161147086825024	-0.356431798216708
1.45	0.7194719	0.169991402341524	-0.35458455441098
1.5	0.744345	0.17877942060075	-0.351905039809071
1.55	0.7692181	0.187490440447961	-0.34839325441098
1.6	0.7940912	0.196103760728416	-0.344049198216708
1.65	0.8189643	0.204598680287375	-0.338872871226255
1.7	0.8438374	0.212954497970098	-0.33286427343962
1.75	0.8687105	0.221150512621844	-0.326023404856803
1.8	0.8935836	0.229166023087872	-0.318350265477806
1.85	0.9184567	0.236980328213442	-0.309844855302626
1.9	0.9433298	0.244572726843814	-0.300507174331266
1.95	0.9682029	0.251922517824247	-0.290337222563724
2	0.993076	0.259009	-0.279335
2.05	1.01781645	0.265759158570791	-0.266320595423249
2.1	1.0425569	0.272185678418491	-0.253172280801946
2.15	1.06729735	0.278285246548337	-0.23989005613609
2.2	1.0920378	0.284054549965568	-0.226473921425681
2.25	1.11677825	0.289490275675422	-0.21292387667072
2.3	1.1415187	0.294589110683137	-0.199239921871207
2.35	1.16625915	0.299347741993952	-0.185422057027141
2.4	1.1909996	0.303762856613104	-0.171470282138522
2.45	1.21574005	0.307831141545832	-0.157384597205351
2.5	1.2404805	0.311549283797375	-0.143165002227627
2.55	1.26522095	0.31491397037297	-0.128811497205351
2.6	1.2899614	0.317921888277856	-0.114324082138522
2.65	1.31470185	0.320569724517271	-0.0997027570271408
2.7	1.3394423	0.322854166096453	-0.0849475218712069
2.75	1.36418275	0.324771900020641	-0.0700583766707204
2.8	1.3889232	0.326319613295072	-0.0550353214256814
2.85	1.41366365	0.327493992924985	-0.0398783561360899
2.9	1.4384041	0.328291725915619	-0.0245874808019458
2.95	1.46314455	0.328709499272211	-0.00916269542324918
3	1.487885	0.328744	0.006396
3.05	1.51379245	0.328380569606537	0.0216373373032709
3.1	1.5396999	0.327624040536183	0.0367423812061974
3.15	1.56560735	0.326477943803394	0.0517111317087797
3.2	1.5915148	0.324945810422624	0.0665435888110176
3.25	1.61742225	0.323031171408328	0.0812397525129113
3.3	1.6433297	0.320737557774961	0.0957996228144607
3.35	1.66923715	0.318068500536977	0.110223199715666
3.4	1.6951446	0.315027530708832	0.124510483216526
3.45	1.72105205	0.31161817930498	0.138661473317043
3.5	1.7469595	0.307843977339875	0.152676170017215
3.55	1.77286695	0.303708455827973	0.166554573317043
3.6	1.7987744	0.299215145783728	0.180296683216526
3.65	1.82468185	0.294367578221595	0.193902499715666
3.7	1.8505893	0.289169284156029	0.207372022814461
3.75	1.87649675	0.283623794601484	0.220705252512911
3.8	1.9024042	0.277734640572416	0.233902188811018
3.85	1.92831165	0.271505353083279	0.24696283170878
3.9	1.9542191	0.264939463148527	0.259887181206197
3.95	1.98012655	0.258040501782616	0.272675237303271
4	2.006034	0.250812	0.285327
4.05	2.0318206	0.243334456685711	0.294515494053384
4.1	2.0576072	0.235628733864928	0.303024525574833
4.15	2.0833938	0.227712352566177	0.310854094564347
4.2	2.1091804	0.219602833817984	0.318004201021926
4.25	2.134967	0.211317698648875	0.32447484494757
4.3	2.1607536	0.202874468087376	0.330266026341278
4.35	2.1865402	0.194290663162013	0.335377745203051
4.4	2.2123268	0.185583804901312	0.339810001532889
4.45	2.2381134	0.176771414333799	0.343562795330792
4.5	2.2639	0.167871012488	0.34663612659676
4.55	2.2896866	0.158900120392441	0.349029995330792
4.6	2.3154732	0.149876259075648	0.350744401532889
4.65	2.3412598	0.140816949566147	0.351779345203051
4.7	2.3670464	0.131739712892464	0.352134826341278
4.75	2.392833	0.122662070083125	0.35181084494757
4.8	2.4186196	0.113601542166656	0.350807401021926
4.85	2.4444062	0.104575650171583	0.349124494564347
4.9	2.4701928	0.095601915126432	0.346762125574833
4.95	2.4959794	0.086697858059729	0.343720294053384
5	2.521766	0.077881	0.339999
5.05	2.54741725	0.0692942968377531	0.329384853530164
5.1	2.5730685	0.060988481055025	0.318098517215048
5.15	2.59871975	0.0529807951615844	0.306139991054651
5.2	2.624371	0.0452884816672	0.293509275048974
5.25	2.65002225	0.0379287830816406	0.280206369198017
5.3	2.6756735	0.030918941914675	0.266231273501779
5.35	2.70132475	0.0242762006760719	0.25158398796026
5.4	2.726976	0.0180178018756	0.236264512573461
5.45	2.75262725	0.0121609880230281	0.220272847341382
5.5	2.7782785	0.006723001628125	0.203608992264022
5.55	2.80392975	0.00172108520065938	0.186272947341382
5.6	2.829581	-0.00282751874959999	0.168264712573461
5.65	2.85523225	-0.00690556771288436	0.14958428796026
5.7	2.8808835	-0.010495819179425	0.130231673501779
5.75	2.90653475	-0.0135810306394531	0.110206869198017
5.8	2.932186	-0.0161439595832	0.0895098750489743
5.85	2.95783725	-0.0181673635008969	0.0681406910546514
5.9	2.9834885	-0.019633999882775	0.046099317215048
5.95	3.00913975	-0.0205266262190656	0.0233857535301643
6	3.034791	-0.020828	0.000000