0	0.000000	0.000000	0.000000
0.05	0.0240813	0.0003747367324695	-0.0309787308242703
0.1	0.0481626	0.001485085512516	-0.0610940478775648
0.15	0.0722439	0.0033102542140965	-0.0903459511598834
0.2	0.0963252	0.005829450711168	-0.118734440671226
0.25	0.1204065	0.0090218828776875	-0.146259516411593
0.3	0.1444878	0.012866758587612	-0.172921178380984
0.35	0.1685691	0.0173432857148985	-0.1987194265794
0.4	0.1926504	0.022430672133504	-0.223654261006839
0.45	0.2167317	0.0281081257173855	-0.247725681663303
0.5	0.240813	0.0343548543405	-0.270933688548791
0.55	0.2648943	0.0411500658768045	-0.293278281663303
0.6	0.2889756	0.048472968200256	-0.314759461006839
0.65	0.3130569	0.0563027691848115	-0.3353772265794
0.7	0.3371382	0.064618676704428	-0.355131578380984
0.75	0.3612195	0.0733998986330625	-0.374022516411593
0.8	0.3853008	0.082625642844672	-0.392050040671226
0.85	0.4093821	0.0922751172132135	-0.409214151159883
0.9	0.4334634	0.102327529612644	-0.425514847877565
0.95	0.4575447	0.112762087916921	-0.44095213082427
1	0.481626	0.123558	-0.455526
1.05	0.50569335	0.134617110046955	-0.463313495108991
1.1	0.5297607	0.145851079350427	-0.47005682757493
1.15	0.55382805	0.15723477768263	-0.475755997397818
1.2	0.5778954	0.168743074815776	-0.480411004577654
1.25	0.60196275	0.180350840522078	-0.484021849114438
1.3	0.6260301	0.192032944573749	-0.486588531008171
1.35	0.65009745	0.203764256743001	-0.488111050258852
1.4	0.6741648	0.215519646802048	-0.488589406866481
1.45	0.69823215	0.227273984523102	-0.488023600831058
1.5	0.7222995	0.239002139678375	-0.486413632152584
1.55	0.74636685	0.250678982040081	-0.483759500831058
1.6	0.7704342	0.262279381380432	-0.480061206866481
1.65	0.79450155	0.273778207471641	-0.475318750258852
1.7	0.8185689	0.285150330085921	-0.469532131008171
1.75	0.84263625	0.296370618995484	-0.462701349114438
1.8	0.8667036	0.307413943972544	-0.454826404577654
1.85	0.89077095	0.318255174789313	-0.445907297397818
1.9	0.9148383	0.328869181218003	-0.43594402757493
1.95	0.93890565	0.339230833030828	-0.424936595108991
2	0.962973	0.349315	-0.412885
2.05	0.98693435	0.359010150352081	-0.396272518082026
2.1	1.0108957	0.368301860585756	-0.37921076057647
2.15	1.03485705	0.377179365451425	-0.361699727483333
2.2	1.0588184	0.385631899699488	-0.343739418802613
2.25	1.08277975	0.393648698080344	-0.325329834534313
2.3	1.1067411	0.401218995344392	-0.30647097467843
2.35	1.13070245	0.408332026242032	-0.287162839234966
2.4	1.1546638	0.414977025523664	-0.26740542820392
2.45	1.17862515	0.421143227939687	-0.247198741585293
2.5	1.2025865	0.4268198682405	-0.226542779379083
2.55	1.22654785	0.431996181176503	-0.205437541585293
2.6	1.2505092	0.436661401498096	-0.18388302820392
2.65	1.27447055	0.440804763955678	-0.161879239234966
2.7	1.2984319	0.444415503299648	-0.13942617467843
2.75	1.32239325	0.447482854280406	-0.116523834534313
2.8	1.3463546	0.449996051648352	-0.0931722188026134
2.85	1.37031595	0.451944330153885	-0.0693713274833325
2.9	1.3942773	0.453316924547404	-0.04512116057647
2.95	1.41823865	0.454103069579309	-0.0204217180820259
3	1.442200	0.454292	0.004727
3.05	1.4667459	0.453865244556083	0.0299595324292855
3.1	1.4912918	0.452825430088844	0.0546790509186462
3.15	1.5158377	0.451185148987151	0.0788855554680822
3.2	1.5403836	0.448956993639872	0.102579046077593
3.25	1.5649295	0.446153556435875	0.12575952274718
3.3	1.5894754	0.442787429764028	0.148426985476841
3.35	1.6140213	0.438871206013199	0.170581434266578
3.4	1.6385672	0.434417477572256	0.19222286911639
3.45	1.6631131	0.429438836830067	0.213351290026277
3.5	1.687659	0.4239478761755	0.23396669699624
3.55	1.7122049	0.417957187997423	0.254069090026277
3.6	1.7367508	0.411479364684704	0.27365846911639
3.65	1.7612967	0.404526998626211	0.292734834266578
3.7	1.7858426	0.397112682210812	0.311298185476841
3.75	1.8103885	0.389249007827375	0.32934852274718
3.8	1.8349344	0.380948567864768	0.346885846077593
3.85	1.8594803	0.372223954711859	0.363910155468082
3.9	1.8840262	0.363087760757516	0.380421450918646
3.95	1.9085721	0.353552578390607	0.396419732429286
4	1.933118	0.343631	0.411905
4.05	1.9576474	0.33340433606712	0.4217669972514
4.1	1.9821768	0.322947325188004	0.430686294792127
4.15	2.0067062	0.312283091220934	0.43866289262218
4.2	2.0312356	0.301434758024192	0.445696790741559
4.25	2.055765	0.290425449456063	0.451787989150264
4.3	2.0802944	0.279278289374828	0.456936487848296
4.35	2.1048238	0.268016401638771	0.461142286835654
4.4	2.1293532	0.256662910106176	0.464405386112338
4.45	2.1538826	0.245240938635324	0.466725785678349
4.5	2.178412	0.2337736110845	0.468103485533686
4.55	2.2029414	0.222284051311985	0.468538485678349
4.6	2.2274708	0.210795383176064	0.468030786112339
4.65	2.2520002	0.199330730535018	0.466580386835654
4.7	2.2765296	0.187913217247132	0.464187287848296
4.75	2.301059	0.176565967170687	0.460851489150265
4.8	2.3255884	0.165312104163968	0.456572990741559
4.85	2.3501178	0.154174752085256	0.45135179262218
4.9	2.3746472	0.143177034792836	0.445187894792127
4.95	2.3991766	0.132342076144989	0.438081297251401
5	2.423706	0.121693	0.430032
5.05	2.44812505	0.111359356949086	0.416192711203016
5.1	2.4725441	0.101373503886448	0.40154686333203
5.15	2.49696315	0.091755136218442	0.386094456387042
5.2	2.5213822	0.082523949351424	0.369835490368053
5.25	2.54580125	0.07369963869175	0.352769965275062
5.3	2.5702203	0.065301899645776	0.334897881108069
5.35	2.59463935	0.057350427619858	0.316219237867075
5.4	2.6190584	0.049864918020352	0.296734035552079
5.45	2.64347745	0.042865066253614	0.276442274163082
5.5	2.6678965	0.036370567726	0.255343953700082
5.55	2.69231555	0.030401117843866	0.233439074163082
5.6	2.7167346	0.024976412013568	0.210727635552079
5.65	2.74115365	0.020116145641462	0.187209637867075
5.7	2.7655727	0.015840014133904	0.162885081108069
5.75	2.78999175	0.01216771289725	0.137753965275062
5.8	2.8144108	0.00911893733785601	0.111816290368053
5.85	2.83882985	0.00671338286207802	0.085072056387042
5.9	2.8632489	0.00497074487627204	0.0575212633320296
5.95	2.88766795	0.00391071878679403	0.0291639112030156
6	2.912087	0.003553	0.000000