0	0.000000	0.000000	0.000000
0.05	0.0297447	0.00043903781667525	-0.0295448330502829
0.1	0.0594894	0.001759057515822	-0.0592362257794834
0.15	0.0892341	0.00396441847112175	-0.0890741781876015
0.2	0.1189788	0.007059480056256	-0.119058690274637
0.25	0.1487235	0.0110486016449062	-0.14918976204059
0.3	0.1784682	0.015936142610754	-0.179467393485461
0.35	0.2082129	0.0217264623274807	-0.20989158460925
0.4	0.2379576	0.028423920168768	-0.240462335411956
0.45	0.2677023	0.0360328755082972	-0.271179645893579
0.5	0.297447	0.04455768771975	-0.30204351605412
0.55	0.3271917	0.0540027161768077	-0.333053945893579
0.6	0.3569364	0.064372320253152	-0.364210935411956
0.65	0.3866811	0.0756708593224642	-0.39551448460925
0.7	0.4164258	0.087902692758426	-0.426964593485461
0.75	0.4461705	0.101072179934719	-0.45856126204059
0.8	0.4759152	0.115183680225024	-0.490304490274637
0.85	0.5056599	0.130241553003023	-0.522194278187601
0.9	0.5354046	0.146250157642398	-0.554230625779483
0.95	0.5651493	0.16321385351683	-0.586413533050283
1	0.594894	0.181137	-0.618743
1.05	0.6246304	0.19980889827509	-0.636769955513445
1.1	0.6543668	0.21898877001056	-0.652908094657053
1.15	0.6841032	0.23862044860731	-0.667157417430826
1.2	0.7138396	0.25864776746624	-0.679517923834762
1.25	0.743576	0.27901455998825	-0.689989613868861
1.3	0.7733124	0.29966465957424	-0.698572487533125
1.35	0.8030488	0.32054189962511	-0.705266544827552
1.4	0.8327852	0.34159011354176	-0.710071785752142
1.45	0.8625216	0.36275313472509	-0.712988210306897
1.5	0.892258	0.383974796576	-0.714015818491815
1.55	0.9219944	0.40519893249539	-0.713154610306897
1.6	0.9517308	0.42636937588416	-0.710404585752142
1.65	0.9814672	0.44742996014321	-0.705765744827552
1.7	1.0112036	0.46832451867344	-0.699238087533125
1.75	1.04094	0.48899688487575	-0.690821613868861
1.8	1.0706764	0.50939089215104	-0.680516323834762
1.85	1.1004128	0.52945037390021	-0.668322217430826
1.9	1.1301492	0.54911916352416	-0.654239294657054
1.95	1.1598856	0.56834109442379	-0.638267555513445
2	1.189622	0.587060	-0.620407
2.05	1.2193638	0.605141949923095	-0.595415511576804
2.1	1.2491056	0.62247115838168	-0.569788579829735
2.15	1.2788474	0.639028726147505	-0.543526204758791
2.2	1.3085892	0.65479575399232	-0.516628386363972
2.25	1.338331	0.669753342687875	-0.48909512464528
2.3	1.3680728	0.68388259300592	-0.460926419602714
2.35	1.3978146	0.697164605718205	-0.432122271236273
2.4	1.4275564	0.70958048159648	-0.402682679545959
2.45	1.4572982	0.721111321412495	-0.37260764453177
2.5	1.48704	0.731738225938	-0.341897166193707
2.55	1.5167818	0.741442295944745	-0.31055124453177
2.6	1.5465236	0.75020463220448	-0.278569879545959
2.65	1.5762654	0.758006335488955	-0.245953071236273
2.7	1.6060072	0.76482850656992	-0.212700819602714
2.75	1.635749	0.770652246219125	-0.17881312464528
2.8	1.6654908	0.77545865520832	-0.144289986363972
2.85	1.6952326	0.779228834309255	-0.109131404758791
2.9	1.7249744	0.78194388429368	-0.0733373798297345
2.95	1.7547162	0.783584905933345	-0.0369079115768043
3	1.784458	0.784133	0.000157
3.05	1.81260805	0.78360364676421	0.0373092105474457
3.1	1.8407581	0.782040549257977	0.0736022884056866
3.15	1.86890815	0.77946789210946	0.109036233574723
3.2	1.8970582	0.775909859946816	0.143611046054554
3.25	1.92520825	0.771390637398203	0.17732672584518
3.3	1.9533583	0.765934409091779	0.210183272946602
3.35	1.98150835	0.759565359655701	0.242180687358819
3.4	2.0096584	0.752307673718128	0.273318969081831
3.45	2.03780845	0.744185535907217	0.303598118115638
3.5	2.0659585	0.735223130851125	0.33301813446024
3.55	2.09410855	0.725444643178011	0.361579018115638
3.6	2.1222586	0.714874257516032	0.389280769081831
3.65	2.15040865	0.703536158493346	0.416123387358819
3.7	2.1785587	0.691454530738111	0.442106872946602
3.75	2.20670875	0.678653558878484	0.46723122584518
3.8	2.2348588	0.665157427542624	0.491496446054554
3.85	2.26300885	0.650990321358688	0.514902533574723
3.9	2.2911589	0.636176424954833	0.537449488405687
3.95	2.31930895	0.620739922959218	0.559137310547446
4	2.347459	0.604705	0.579966
4.05	2.37563155	0.588115281242205	0.597413168944797
4.1	2.4038041	0.571063023273558	0.612802162211195
4.15	2.43197665	0.553606210151268	0.626132979799193
4.2	2.4601492	0.535802825932544	0.637405621708791
4.25	2.48832175	0.517710854674594	0.64662008793999
4.3	2.5164943	0.499388280434626	0.653776378492789
4.35	2.54466685	0.480893087269849	0.658874493367188
4.4	2.5728394	0.462283259237472	0.661914432563187
4.45	2.60101195	0.443616780394703	0.662896196080787
4.5	2.6291845	0.42495163479875	0.661819783919987
4.55	2.65735705	0.406345806506822	0.658685196080787
4.6	2.6855296	0.387857279576128	0.653492432563187
4.65	2.71370215	0.369544038063876	0.646241493367188
4.7	2.7418747	0.351464066027274	0.636932378492789
4.75	2.77004725	0.333675347523531	0.62556508793999
4.8	2.7982198	0.316235866609856	0.612139621708791
4.85	2.82639235	0.299203607343457	0.596655979799193
4.9	2.8545649	0.282636553781542	0.579114162211195
4.95	2.88273745	0.26659268998132	0.559514168944797
5	2.910910	0.251130	0.537856
5.05	2.9390962	0.236366606349552	0.509727510471933
5.1	2.9672824	0.222394214804736	0.481729093525768
5.15	2.9954686	0.209209159113744	0.453860749161505
5.2	3.0236548	0.196807773024768	0.426122477379143
5.25	3.051841	0.185186390286	0.398514278178683
5.3	3.0800272	0.174341344645632	0.371036151560125
5.35	3.1082134	0.164268969851856	0.343688097523469
5.4	3.1363996	0.154965599652864	0.316470116068715
5.45	3.1645858	0.146427567796848	0.289382207195862
5.5	3.192772	0.138651208032	0.262424370904911
5.55	3.2209582	0.131632854106512	0.235596607195862
5.6	3.2491444	0.125368839768576	0.208898916068714
5.65	3.2773306	0.119855498766384	0.182331297523469
5.7	3.3055168	0.115089164848128	0.155893751560125
5.75	3.333703	0.111066171762	0.129586278178683
5.8	3.3618892	0.107782853256192	0.103408877379143
5.85	3.3900754	0.105235543078896	0.0773615491615046
5.9	3.4182616	0.103420574978304	0.0514442935257679
5.95	3.4464478	0.102334282702608	0.0256571104719331
6	3.474634	0.101973	0.000000