0	0.000000	0.000000	0.000000
0.05	0.0259138	0.0002574330903755	-0.0197572881181648
0.1	0.0518276	0.001018213289844	-0.0388478038028386
0.15	0.0777414	0.0022650619909185	-0.0572715470540214
0.2	0.1036552	0.003980700586112	-0.0750285178717131
0.25	0.129569	0.0061478504679375	-0.0921187162559138
0.3	0.1554828	0.008749233028908	-0.108542142206624
0.35	0.1813966	0.0117675696615365	-0.124298795723842
0.4	0.2073104	0.015185581758336	-0.13938867680757
0.45	0.2332242	0.0189859907118195	-0.153811785457806
0.5	0.259138	0.0231515179145	-0.167568121674552
0.55	0.2850518	0.0276648847588905	-0.180657685457806
0.6	0.3109656	0.032508812637504	-0.19308047680757
0.65	0.3368794	0.0376660229428535	-0.204836495723842
0.7	0.3627932	0.043119237067452	-0.215925742206623
0.75	0.388707	0.0488511764038125	-0.226348216255914
0.8	0.4146208	0.054844562344448	-0.236103917871713
0.85	0.4405346	0.0610821162818715	-0.245192847054021
0.9	0.4664484	0.067546559608596	-0.253615003802839
0.95	0.4923622	0.0742206137171345	-0.261370388118165
1	0.518276	0.081087	-0.268459
1.05	0.5442151	0.0881043769923325	-0.272518245123867
1.1	0.5701542	0.09522017377284	-0.276047527603117
1.15	0.5960933	0.102420643587488	-0.279046847437748
1.2	0.6220324	0.10969203968224	-0.281516204627763
1.25	0.6479715	0.117020615303063	-0.283455599173159
1.3	0.6739106	0.12439262369592	-0.284865031073939
1.35	0.6998497	0.131794318106777	-0.2857445003301
1.4	0.7257888	0.1392119517816	-0.286094006941644
1.45	0.7517279	0.146631777966353	-0.28591355090857
1.5	0.777667	0.154040049907	-0.285203132230879
1.55	0.8036061	0.161423020849507	-0.28396275090857
1.6	0.8295452	0.16876694403984	-0.282192406941644
1.65	0.8554843	0.176058072723963	-0.2798921003301
1.7	0.8814234	0.18328266014784	-0.277061831073939
1.75	0.9073625	0.190426959557437	-0.273701599173159
1.8	0.9333016	0.19747722419872	-0.269811404627763
1.85	0.9592407	0.204419707317652	-0.265391247437748
1.9	0.9851798	0.2112406621602	-0.260441127603116
1.95	1.0111189	0.217926341972328	-0.254961045123867
2	1.037058	0.224463	-0.248951
2.05	1.0630389	0.23081651431958	-0.240081443689047
2.1	1.0890198	0.236935012714842	-0.230859561726615
2.15	1.1150007	0.242809341448267	-0.221285354112704
2.2	1.1409816	0.248430346782336	-0.211358820847315
2.25	1.1669625	0.253788874979531	-0.201079961930447
2.3	1.1929434	0.258875772302334	-0.190448777362101
2.35	1.2189243	0.263681885013226	-0.179465267142276
2.4	1.2449052	0.268198059374688	-0.168129431270972
2.45	1.2708861	0.272415141649202	-0.15644126974819
2.5	1.296867	0.27632397809925	-0.144400782573929
2.55	1.3228479	0.279915414987313	-0.13200796974819
2.6	1.3488288	0.283180298575872	-0.119262831270972
2.65	1.3748097	0.286109475127409	-0.106165367142276
2.7	1.4007906	0.288693790904406	-0.0927155773621007
2.75	1.4267715	0.290924092169344	-0.078913461930447
2.8	1.4527524	0.292791225184704	-0.0647590208473148
2.85	1.4787333	0.294286036212968	-0.050252254112704
2.9	1.5047142	0.295399371516618	-0.0353931617266146
2.95	1.5306951	0.296122077358135	-0.0201817436890466
3	1.556676	0.296445	-0.004618
3.05	1.58095125	0.296395496597319	0.00867726319785586
3.1	1.6052265	0.29602464888595	0.0218570565854111
3.15	1.62950175	0.295335259924406	0.0349213801626657
3.2	1.653777	0.2943301327712	0.0478702339296197
3.25	1.67805225	0.293012070484844	0.0607036178862731
3.3	1.7023275	0.29138387612385	0.0734215320326259
3.35	1.72660275	0.289448352746731	0.0860239763686781
3.4	1.750878	0.287208303412	0.0985109508944296
3.45	1.77515325	0.284666531178169	0.110882455609881
3.5	1.7994285	0.28182583910375	0.123138490515031
3.55	1.82370375	0.278689030247256	0.135279055609881
3.6	1.847979	0.2752589076672	0.14730415089443
3.65	1.87225425	0.271538274422094	0.159213776368678
3.7	1.8965295	0.26752993357045	0.171007932032626
3.75	1.92080475	0.263236688170781	0.182686617886273
3.8	1.94508	0.2586613412816	0.19424983392962
3.85	1.96935525	0.253806695961419	0.205697580162666
3.9	1.9936305	0.24867555526875	0.217029856585411
3.95	2.01790575	0.243270722262106	0.228246663197856
4	2.042181	0.237595	0.239348
4.05	2.06674235	0.23163291114656	0.246038560114514
4.1	2.0913037	0.225513778660287	0.252135866532764
4.15	2.11586505	0.219252173652855	0.257639919254749
4.2	2.1404264	0.212862667235936	0.262550718280469
4.25	2.16498775	0.206359830521203	0.266868263609925
4.3	2.1895491	0.199758234620329	0.270592555243115
4.35	2.21411045	0.193072450644986	0.273723593180042
4.4	2.2386718	0.186317049706848	0.276261377420703
4.45	2.26323315	0.179506602917587	0.2782059079651
4.5	2.2877945	0.172655681388875	0.279557184813233
4.55	2.31235585	0.165778856232386	0.2803152079651
4.6	2.3369172	0.158890698559792	0.280479977420703
4.65	2.36147855	0.152005779482766	0.280051493180042
4.7	2.3860399	0.145138670112981	0.279029755243115
4.75	2.41060125	0.138303941562109	0.277414763609924
4.8	2.4351626	0.131516164941824	0.275206518280469
4.85	2.45972395	0.124789911363798	0.272405019254749
4.9	2.4842853	0.118139751939703	0.269010266532764
4.95	2.50884665	0.111580257781213	0.265022260114514
5	2.533408	0.105126	0.260441
5.05	2.55823065	0.0987760107007434	0.251122660124317
5.1	2.5830533	0.092662166022387	0.241414456025022
5.15	2.60787595	0.0867941434281011	0.231316387702114
5.2	2.6326986	0.081181620381056	0.220828455155594
5.25	2.65752125	0.0758342743444219	0.209950658385462
5.3	2.6823439	0.070761782781369	0.198682997391717
5.35	2.70716655	0.0659738231550676	0.18702547217436
5.4	2.7319892	0.061480072928688	0.174978082733391
5.45	2.75681185	0.0572902095654004	0.162540829068809
5.5	2.7816345	0.053413910528375	0.149713711180615
5.55	2.80645715	0.0498608532807821	0.136496729068809
5.6	2.8312798	0.046640715285792	0.122889882733391
5.65	2.85610245	0.0437631740065749	0.10889317217436
5.7	2.8809251	0.041237906906301	0.0945065973917169
5.75	2.90574775	0.0390745914481406	0.0797301583854615
5.8	2.9305704	0.037282905095264	0.0645638551555938
5.85	2.95539305	0.0358725253108414	0.0490076877021138
5.9	2.9802157	0.034853129558043	0.0330616560250215
5.95	3.00503835	0.0342343953000391	0.0167257601243169
6	3.029861	0.034026	0.000000