0	0.000000	0.000000	0.000000
0.05	0.02306645	0.00037183147514675	-0.0320956515231104
0.1	0.0461329	0.001474005063714	-0.0633250555174724
0.15	0.06919935	0.00328653951039225	-0.0936882119830858
0.2	0.0922658	0.005789453559872	-0.123185120919951
0.25	0.11533225	0.00896276595684375	-0.151815782328067
0.3	0.1383987	0.012786495445998	-0.179580196207435
0.35	0.16146515	0.0172406607720253	-0.206478362558055
0.4	0.1845316	0.022305280679616	-0.232510281379926
0.45	0.20759805	0.0279603739134608	-0.257675952673049
0.5	0.2306645	0.03418595921825	-0.281975376437423
0.55	0.25373095	0.0409620553386743	-0.305408552673049
0.6	0.2767974	0.048268681019424	-0.327975481379926
0.65	0.29986385	0.0560858550051898	-0.349676162558055
0.7	0.3229303	0.064393596040662	-0.370510596207435
0.75	0.34599675	0.0731719228705313	-0.390478782328067
0.8	0.3690632	0.082400854239488	-0.409580720919951
0.85	0.39212965	0.0920604088922227	-0.427816411983086
0.9	0.4151961	0.102130605573426	-0.445185855517472
0.95	0.43826255	0.112591463027788	-0.46168905152311
1	0.461329	0.123423	-0.477326
1.05	0.4845367	0.134573917905757	-0.483512018581193
1.1	0.5077444	0.145859413091878	-0.488923640469629
1.15	0.5309521	0.157261513592236	-0.493560865665307
1.2	0.5541598	0.168762247440704	-0.497423694168229
1.25	0.5773675	0.180343642671156	-0.500512125978393
1.3	0.6005752	0.191987727317466	-0.5028261610958
1.35	0.6237829	0.203676529413507	-0.50436579952045
1.4	0.6469906	0.215392076993152	-0.505131041252343
1.45	0.6701983	0.227116398090275	-0.505121886291479
1.5	0.693406	0.23883152073875	-0.504338334637857
1.55	0.7166137	0.25051947297245	-0.502780386291479
1.6	0.7398214	0.262162282825248	-0.500448041252343
1.65	0.7630291	0.273741978331018	-0.49734129952045
1.7	0.7862368	0.285240587523634	-0.4934601610958
1.75	0.8094445	0.296640138436969	-0.488804625978393
1.8	0.8326522	0.307922659104896	-0.483374694168229
1.85	0.8558599	0.319070177561289	-0.477170365665307
1.9	0.8790676	0.330064721840022	-0.470191640469629
1.95	0.9022753	0.340888319974968	-0.462438518581193
2	0.925483	0.351523	-0.453911
2.05	0.94867455	0.361834287009168	-0.435245960432544
2.1	0.9718661	0.371707765082105	-0.416155098714295
2.15	0.99505765	0.381133558743109	-0.396638414845251
2.2	1.0182492	0.39010179251648	-0.376695908825413
2.25	1.04144075	0.398602590926516	-0.356327580654781
2.3	1.0646323	0.406626078497515	-0.335533430333354
2.35	1.08782385	0.414162379753777	-0.314313457861134
2.4	1.1110154	0.4212016192196	-0.292667663238119
2.45	1.13420695	0.427733921419283	-0.27059604646431
2.5	1.1573985	0.433749410877125	-0.248098607539708
2.55	1.18059005	0.439238212117424	-0.22517534646431
2.6	1.2037816	0.44419044966448	-0.201826263238119
2.65	1.22697315	0.448596248042591	-0.178051357861134
2.7	1.2501647	0.452445731776055	-0.153850630333354
2.75	1.27335625	0.455729025389172	-0.129224080654781
2.8	1.2965478	0.45843625340624	-0.104171708825413
2.85	1.31973935	0.460557540351558	-0.0786935148452508
2.9	1.3429309	0.462083010749425	-0.0527894987142946
2.95	1.36612245	0.463002789124139	-0.0264596604325445
3	1.389314	0.463307	0.000296
3.05	1.4124898	0.462995216025518	0.0265415317329931
3.1	1.4356656	0.46207993089978	0.0523762864414605
3.15	1.4588414	0.460570664708953	0.0778002641254024
3.2	1.4820172	0.4584769375392	0.102813464784819
3.25	1.505193	0.455808269476688	0.127415888419709
3.3	1.5283688	0.45257418060758	0.151607535030075
3.35	1.5515446	0.448784191018043	0.175388404615914
3.4	1.5747204	0.44444782079424	0.198758497177228
3.45	1.5978962	0.439574590022338	0.221717812714016
3.5	1.621072	0.4341740187885	0.244266351226279
3.55	1.6442478	0.428255627178892	0.266404112714016
3.6	1.6674236	0.42182893527968	0.288131097177228
3.65	1.6905994	0.414903463177027	0.309447304615914
3.7	1.7137752	0.4074887309571	0.330352735030075
3.75	1.736951	0.399594258706062	0.350847388419709
3.8	1.7601268	0.39122956651008	0.370931264784819
3.85	1.7833026	0.382404174455317	0.390604364125402
3.9	1.8064784	0.37312760262794	0.409866686441461
3.95	1.8296542	0.363409371114112	0.428718231732993
4	1.852830	0.353259	0.447159
4.05	1.8760201	0.342773980408457	0.456961335190006
4.1	1.8992102	0.332071838277614	0.465884450886327
4.15	1.9224003	0.321172962795452	0.473928347088963
4.2	1.9455904	0.310097743149952	0.481093023797914
4.25	1.9687805	0.298866568529094	0.48737848101318
4.3	1.9919706	0.287499828120858	0.492784718734762
4.35	2.0151607	0.276017911113225	0.497311736962659
4.4	2.0383508	0.264441206694176	0.500959535696871
4.45	2.0615409	0.252790104051691	0.503728114937398
4.5	2.084731	0.24108499237375	0.505617474684241
4.55	2.1079211	0.229346260848334	0.506627614937398
4.6	2.1311112	0.217594298663424	0.506758535696871
4.65	2.1543013	0.205849495007	0.506010236962659
4.7	2.1774914	0.194132239067042	0.504382718734762
4.75	2.2006815	0.182462920031531	0.50187598101318
4.8	2.2238716	0.170861927088448	0.498490023797914
4.85	2.2470617	0.159349649425773	0.494224847088963
4.9	2.2702518	0.147946476231486	0.489080450886327
4.95	2.2934419	0.136672796693568	0.483056835190006
5	2.316632	0.125549	0.476154
5.05	2.3396708	0.114750313860382	0.461126731686286
5.1	2.3627096	0.104308484824176	0.445175207405594
5.15	2.3857484	0.094244806639754	0.428299427157925
5.2	2.4087872	0.084580573055488	0.410499390943278
5.25	2.431826	0.07533707781975	0.391775098761654
5.3	2.4548648	0.066535614680912	0.372126550613053
5.35	2.4779036	0.058197477387346	0.351553746497474
5.4	2.5009424	0.050343959687424	0.330056686414917
5.45	2.5239812	0.042996355329518	0.307635370365384
5.5	2.54702	0.036175958062	0.284289798348872
5.55	2.5700588	0.029904061633242	0.260019970365383
5.6	2.5930976	0.024201959791616	0.234825886414917
5.65	2.6161364	0.019090946285494	0.208707546497474
5.7	2.6391752	0.014592314863248	0.181664950613053
5.75	2.662214	0.01072735927325	0.153698098761654
5.8	2.6852528	0.00751737326387202	0.124806990943278
5.85	2.7082916	0.00498365058348602	0.0949916271579248
5.9	2.7313304	0.00314748498046402	0.0642520074055939
5.95	2.7543692	0.00203017020317803	0.0325881316862857
6	2.777408	0.001653	0.000000