0	0.000000	0.000000	0.000000
0.05	0.0243417	0.0002644060022305	-0.0216775437829527
0.1	0.0486834	0.001053049061084	-0.0430731671676999
0.15	0.0730251	0.0023590667548035	-0.0641868701542415
0.2	0.0973668	0.004175596661632	-0.0850186527425776
0.25	0.1217085	0.0064957763598125	-0.105568514932708
0.3	0.1460502	0.009312743427588	-0.125836456724633
0.35	0.1703919	0.0126196354432015	-0.145822478118352
0.4	0.1947336	0.016409589984896	-0.165526579113866
0.45	0.2190753	0.0206757446309145	-0.184948759711175
0.5	0.243417	0.0254112369595	-0.204089019910277
0.55	0.2677587	0.0306092045488955	-0.222947359711175
0.6	0.2921004	0.036262784977344	-0.241523779113866
0.65	0.3164421	0.0423651158230885	-0.259818278118353
0.7	0.3407838	0.048909334664372	-0.277830856724633
0.75	0.3651255	0.0558885790794375	-0.295561514932708
0.8	0.3894672	0.063295986646528	-0.313010252742578
0.85	0.4138089	0.0711246949438865	-0.330177070154242
0.9	0.4381506	0.079367841549756	-0.3470619671677
0.95	0.4624923	0.0880185640423795	-0.363664943782953
1	0.486834	0.097070	-0.379986
1.05	0.51101925	0.106394524000646	-0.39091503115282
1.1	0.5352045	0.11596952783917	-0.400699437973765
1.15	0.55938975	0.125767328489949	-0.409339220462834
1.2	0.583575	0.13576024292736	-0.416834378620027
1.25	0.60776025	0.145920588125781	-0.423184912445344
1.3	0.6319455	0.15622068105959	-0.428390821938785
1.35	0.65613075	0.166632838703164	-0.43245210710035
1.4	0.680316	0.17712937803088	-0.43536876793004
1.45	0.70450125	0.187682616017116	-0.437140804427854
1.5	0.7286865	0.19826486963625	-0.437768216593792
1.55	0.75287175	0.208848455862659	-0.437251004427854
1.6	0.777057	0.21940569167072	-0.43558916793004
1.65	0.80124225	0.229908894034811	-0.43278270710035
1.7	0.8254275	0.24033037992931	-0.428831621938785
1.75	0.84961275	0.250642466328594	-0.423735912445344
1.8	0.873798	0.26081747020704	-0.417495578620027
1.85	0.89798325	0.270827708539026	-0.410110620462834
1.9	0.9221685	0.28064549829893	-0.401581037973765
1.95	0.94635375	0.290243156461129	-0.39190683115282
2	0.970539	0.299593	-0.381088
2.05	0.994496	0.308562932974343	-0.367643892460554
2.1	1.018453	0.31720329746134	-0.353574664662103
2.15	1.04241	0.325499117454947	-0.338880316604646
2.2	1.066367	0.33343541694912	-0.323560848288183
2.25	1.090324	0.340997219937813	-0.307616259712715
2.3	1.114281	0.34816955041498	-0.29104655087824
2.35	1.138238	0.354937432374577	-0.27385172178476
2.4	1.162195	0.36128588981056	-0.256031772432275
2.45	1.186152	0.367199946716882	-0.237586702820783
2.5	1.210109	0.3726646270875	-0.218516512950286
2.55	1.234066	0.377664954916368	-0.198821202820783
2.6	1.258023	0.38218595419744	-0.178500772432275
2.65	1.28198	0.386212648924672	-0.15755522178476
2.7	1.305937	0.38973006309202	-0.13598455087824
2.75	1.329894	0.392723220693438	-0.113788759712715
2.8	1.353851	0.39517714572288	-0.0909678482881831
2.85	1.377808	0.397076862174302	-0.0675218166046459
2.9	1.401765	0.39840739404166	-0.0434506646621029
2.95	1.425722	0.399153765318908	-0.0187543924605544
3	1.449679	0.399301	0.006567
3.05	1.47590735	0.398778673277592	0.0331828683371524
3.1	1.5021357	0.397564496201728	0.0593229189546045
3.15	1.52836405	0.395670948686096	0.0849871518523564
3.2	1.5545924	0.393110510644384	0.110175567030408
3.25	1.58082075	0.389895661990281	0.134888164488759
3.3	1.6070491	0.386038882637476	0.15912494422741
3.35	1.63327745	0.381552652499657	0.182885906246361
3.4	1.6595058	0.376449451490512	0.206171050545612
3.45	1.68573415	0.37074175952373	0.228980377125162
3.5	1.7119625	0.364442056513	0.251313885985012
3.55	1.73819085	0.35756282237201	0.273171577125162
3.6	1.7644192	0.350116537014448	0.294553450545612
3.65	1.79064755	0.342115680354003	0.315459506246361
3.7	1.8168759	0.333572732304364	0.33588974422741
3.75	1.84310425	0.324500172779219	0.355844164488759
3.8	1.8693326	0.314910481692256	0.375322767030408
3.85	1.89556095	0.304816138957164	0.394325551852356
3.9	1.9217893	0.294229624487632	0.412852518954605
3.95	1.94801765	0.283163418197348	0.430903668337152
4	1.974246	0.271630	0.448479
4.05	2.00043045	0.259695148109328	0.462892437927224
4.1	2.0266149	0.247400720074454	0.475943861335793
4.15	2.05279935	0.234782379496441	0.487633270225707
4.2	2.0789838	0.221875789976352	0.497960664596965
4.25	2.10516825	0.20871661511525	0.506926044449568
4.3	2.1313527	0.195340518514198	0.514529409783517
4.35	2.15753715	0.181783163774259	0.52077076059881
4.4	2.1837216	0.168080214496496	0.525650096895447
4.45	2.20990605	0.154267334281972	0.52916741867343
4.5	2.2360905	0.14038018673175	0.531322725932758
4.55	2.26227495	0.126454435446893	0.53211601867343
4.6	2.2884594	0.112525744028464	0.531547296895448
4.65	2.31464385	0.098629776077526	0.52961656059881
4.7	2.3408283	0.084802195195142	0.526323809783517
4.75	2.36701275	0.0710786649823749	0.521669044449569
4.8	2.3931972	0.0574948490402879	0.515652264596965
4.85	2.41938165	0.0440864109699439	0.508273470225707
4.9	2.4455661	0.0308890143724059	0.499532661335793
4.95	2.47175055	0.0179383228487369	0.489429837927224
5	2.497935	0.005270	0.477965
5.05	2.52407535	-0.00701300107994437	0.46167479406772
5.1	2.5502157	-0.018859703268155	0.44458374139147
5.15	2.57635605	-0.0302491721504481	0.426691841971249
5.2	2.6024964	-0.04116047331264	0.407999095807057
5.25	2.62863675	-0.0515726723405469	0.388505502898895
5.3	2.6547771	-0.061464834819985	0.368211063246762
5.35	2.68091745	-0.0708160263367706	0.347115776850659
5.4	2.7070578	-0.07960531247672	0.325219643710586
5.45	2.73319815	-0.0878117588256494	0.302522663826541
5.5	2.7593385	-0.095414430969375	0.279024837198527
5.55	2.78547885	-0.102392394493713	0.254726163826541
5.6	2.8116192	-0.10872471498448	0.229626643710586
5.65	2.83775955	-0.114390458027492	0.203726276850659
5.7	2.8638999	-0.119368689208565	0.177025063246762
5.75	2.89004025	-0.123638474113516	0.149523002898895
5.8	2.9161806	-0.12717887832816	0.121220095807057
5.85	2.94232095	-0.129968967438314	0.0921163419712486
5.9	2.9684613	-0.131987807029795	0.0622117413914696
5.95	2.99460165	-0.133214462688418	0.0315062940677202
6	3.020742	-0.133628	0.000000