0	0.000000	0.000000	0.000000
0.05	0.01808805	7.422014595825e-05	-0.00818024200174977
0.1	0.0361761	0.000294977921526	-0.0162027006348943
0.15	0.05426415	0.00065941933324275	-0.0240673758994336
0.2	0.0723522	0.001164690387648	-0.0317742677953677
0.25	0.09044025	0.00180793709128125	-0.0393233763226965
0.3	0.1085283	0.002586305450682	-0.0467147014814201
0.35	0.12661635	0.00349694147238975	-0.0539482432715384
0.4	0.1447044	0.004536991162944	-0.0610240016930515
0.45	0.16279245	0.00570360052888425	-0.0679419767459594
0.5	0.1808805	0.00699391557675	-0.074702168430262
0.55	0.19896855	0.00840508231308075	-0.0813045767459594
0.6	0.2170566	0.009934246744416	-0.0877492016930515
0.65	0.23514465	0.0115785548772953	-0.0940360432715384
0.7	0.2532327	0.013335152718258	-0.10016510148142
0.75	0.27132075	0.0152011862738437	-0.106136376322696
0.8	0.2894088	0.017173801550592	-0.111949867795368
0.85	0.30749685	0.0192501445550422	-0.117605575899434
0.9	0.3255849	0.021427361293734	-0.123103500634894
0.95	0.34367295	0.0237025977732067	-0.12844364200175
1	0.361761	0.026073	-0.133626
1.05	0.3797599	0.02848263218008	-0.134106342777059
1.1	0.3977588	0.03089977991452	-0.134461112630216
1.15	0.4157577	0.03332218302882	-0.134690309559473
1.2	0.4337566	0.03574758134848	-0.134793933564829
1.25	0.4517555	0.038173714699	-0.134771984646284
1.3	0.4697544	0.04059832290588	-0.134624462803838
1.35	0.4877533	0.04301914579462	-0.134351368037491
1.4	0.5057522	0.04543392319072	-0.133952700347243
1.45	0.5237511	0.04784039491968	-0.133428459733095
1.5	0.54175	0.050236300807	-0.132778646195045
1.55	0.5597489	0.05261938067818	-0.132003259733095
1.6	0.5777478	0.05498737435872	-0.131102300347243
1.65	0.5957467	0.05733802167412	-0.130075768037491
1.7	0.6137456	0.05966906244988	-0.128923662803838
1.75	0.6317445	0.0619782365115	-0.127645984646284
1.8	0.6497434	0.06426328368448	-0.126242733564829
1.85	0.6677423	0.06652194379432	-0.124713909559473
1.9	0.6857412	0.06875195666652	-0.123059512630216
1.95	0.7037401	0.07095106212658	-0.121279542777059
2	0.721739	0.073117	-0.119374
2.05	0.73962315	0.0751936151163401	-0.112857242691315
2.1	0.7575073	0.077153768006351	-0.106349928257228
2.15	0.77539145	0.0789976275478184	-0.0998520566977393
2.2	0.7932756	0.080725362618528	-0.0933636280128494
2.25	0.81115975	0.0823371420962656	-0.0868846422025578
2.3	0.8290439	0.083833134858817	-0.0804150992668648
2.35	0.84692805	0.0852135097839679	-0.0739549992057702
2.4	0.8648122	0.086478435749504	-0.067504342019274
2.45	0.88269635	0.0876280816332111	-0.0610631277073764
2.5	0.9005805	0.088662616312875	-0.0546313562700771
2.55	0.91846465	0.0895822086662814	-0.0482090277073764
2.6	0.9363488	0.090387027571216	-0.041796142019274
2.65	0.95423295	0.0910772419054646	-0.0353926992057702
2.7	0.9721171	0.091653020546813	-0.0289986992668648
2.75	0.99000125	0.0921145323730469	-0.0226141422025579
2.8	1.0078854	0.092461946261952	-0.0162390280128494
2.85	1.02576955	0.0926954310913141	-0.00987335669773933
2.9	1.0436537	0.092815155738919	-0.00351712825722777
2.95	1.06153785	0.0928212890825524	0.00282965730868535
3	1.079422	0.092714	0.009167
3.05	1.09781325	0.0924849427492812	0.0157341042462448
3.1	1.1162045	0.0921355644465	0.0222515975192007
3.15	1.13459575	0.0916667774994687	0.0287194798188677
3.2	1.152987	0.091079494316	0.0351377511452458
3.25	1.17137825	0.0903746273039062	0.0415064114983349
3.3	1.1897695	0.089553088871	0.047825460878135
3.35	1.20816075	0.0886157914250938	0.0540948992846463
3.4	1.226552	0.087563647374	0.0603147267178686
3.45	1.24494325	0.0863975691255312	0.066484943177802
3.5	1.2633345	0.0851184690875	0.0726055486644465
3.55	1.28172575	0.0837272596677187	0.078676543177802
3.6	1.300117	0.082224853274	0.0846979267178686
3.65	1.31850825	0.0806121623141562	0.0906696992846463
3.7	1.3368995	0.078890099196	0.096591860878135
3.75	1.35529075	0.0770595763273438	0.102464411498335
3.8	1.373682	0.075121506116	0.108287351145246
3.85	1.39207325	0.0730768009697813	0.114060679818868
3.9	1.4104645	0.0709263732965	0.119784397519201
3.95	1.42885575	0.0686711355039687	0.125458504246245
4	1.447247	0.066312	0.131083
4.05	1.4655701	0.063892760898244	0.132962690775742
4.1	1.4838932	0.061440107855012	0.134730193048774
4.15	1.5022163	0.058956096511458	0.136385506819097
4.2	1.5205394	0.056442782508736	0.13792863208671
4.25	1.5388625	0.053902221488	0.139359568851613
4.3	1.5571856	0.051336469090404	0.140678317113807
4.35	1.5755087	0.048747580957102	0.141884876873291
4.4	1.5938318	0.046137612729248	0.142979248130065
4.45	1.6121549	0.043508620047996	0.14396143088413
4.5	1.630478	0.0408626585545	0.144831425135485
4.55	1.6488011	0.038201783889914	0.14558923088413
4.6	1.6671242	0.035528051695392	0.146234848130065
4.65	1.6854473	0.032843517612088	0.146768276873291
4.7	1.7037704	0.030150237281156	0.147189517113807
4.75	1.7220935	0.02745026634375	0.147498568851613
4.8	1.7404166	0.024745660441024	0.14769543208671
4.85	1.7587397	0.022038475214132	0.147780106819097
4.9	1.7770628	0.019330766304228	0.147752593048774
4.95	1.7953859	0.016624589352466	0.147612890775742
5	1.813709	0.013922	0.147361
5.05	1.8319452	0.0112786855369495	0.142492653051156
5.1	1.8501814	0.008726550437516	0.137361179465349
5.15	1.8684176	0.0062703931316765	0.131966579242578
5.2	1.8866538	0.003915012049408	0.126308852382843
5.25	1.90489	0.0016652056206875	0.120387998886144
5.3	1.9231262	-0.000474227724508001	0.114204018752481
5.35	1.9413624	-0.0024984895562015	0.107756911981855
5.4	1.9595986	-0.004402781444416	0.101046678574264
5.45	1.9778348	-0.0061823049591745	0.0940733185297101
5.5	1.996071	-0.0078322616705	0.086836831848192
5.55	2.0143072	-0.0093478531484155	0.0793372185297101
5.6	2.0325434	-0.010724280962944	0.0715744785742644
5.65	2.0507796	-0.0119567466841085	0.0635486119818548
5.7	2.0690158	-0.013040451881932	0.0552596187524813
5.75	2.087252	-0.0139705981264375	0.046707498886144
5.8	2.1054882	-0.014742386987648	0.0378922523828429
5.85	2.1237244	-0.0153510200355865	0.028813879242578
5.9	2.1419606	-0.015791698840276	0.0194723794653491
5.95	2.1601968	-0.0160596249717395	0.0098677530511565
6	2.178433	-0.016150	0.000000