0	0.000000	0.000000	0.000000
0.05	0.02402095	0.00033404784423075	-0.0276461911625997
0.1	0.0480419	0.001320159725506	-0.0542912779922942
0.15	0.07206285	0.00293428816670025	-0.0799352604890835
0.2	0.0960838	0.005152385690688	-0.104578138652968
0.25	0.12010475	0.00795040482034375	-0.128219912483946
0.3	0.1441257	0.011304298078542	-0.15086058198202
0.35	0.16814665	0.0151900179881573	-0.172500147147188
0.4	0.1921676	0.019583517072064	-0.193138607979451
0.45	0.21618855	0.0244607478531368	-0.212775964478809
0.5	0.2402095	0.02979766285425	-0.231412216645262
0.55	0.26423045	0.0355702145982783	-0.249047364478809
0.6	0.2882514	0.041754355608096	-0.265681407979451
0.65	0.31227235	0.0483260384065778	-0.281314347147188
0.7	0.3362933	0.055261215516598	-0.29594618198202
0.75	0.36031425	0.0625358394610313	-0.309576912483946
0.8	0.3843352	0.070125862762752	-0.322206538652968
0.85	0.40835615	0.0780072379446347	-0.333835060489084
0.9	0.4323771	0.086155917529554	-0.344462477992294
0.95	0.45639805	0.0945478540403842	-0.3540887911626
1	0.480419	0.103159	-0.362714
1.05	0.50454405	0.111955066030263	-0.366380893255517
1.1	0.5286691	0.120831552125684	-0.3693809345894
1.15	0.55279415	0.129772370450311	-0.37171412400165
1.2	0.5769192	0.138761433168192	-0.373380461492266
1.25	0.60104425	0.147782652443375	-0.37437994706125
1.3	0.6251693	0.156819940439908	-0.3747125807086
1.35	0.64929435	0.165857209321839	-0.374378362434316
1.4	0.6734194	0.174878371253216	-0.3733772922384
1.45	0.69754445	0.183867338398087	-0.37170937012085
1.5	0.7216695	0.1928080229205	-0.369374596081666
1.55	0.74579455	0.201684336984503	-0.36637297012085
1.6	0.7699196	0.210480192754144	-0.3627044922384
1.65	0.79404465	0.219179502393471	-0.358369162434316
1.7	0.8181697	0.227766178066532	-0.3533669807086
1.75	0.84229475	0.236224131937375	-0.34769794706125
1.8	0.8664198	0.244537276170048	-0.341362061492267
1.85	0.89054485	0.252689522928599	-0.33435932400165
1.9	0.9146699	0.260664784377076	-0.3266897345894
1.95	0.93879495	0.268446972679527	-0.318353293255517
2	0.962920	0.276020	-0.309350
2.05	0.98709725	0.283342422071241	-0.296335351897316
2.1	1.0112745	0.290347071836675	-0.28306311412123
2.15	1.03545175	0.297027721486372	-0.269533286671742
2.2	1.059629	0.3033781432104	-0.255745869548853
2.25	1.08380625	0.309392109198828	-0.241700862752562
2.3	1.1079835	0.315063391641725	-0.227398266282869
2.35	1.13216075	0.320385762729159	-0.212838080139775
2.4	1.156338	0.3253529946512	-0.198020304323279
2.45	1.18051525	0.329958859597916	-0.182944938833382
2.5	1.2046925	0.334197129759375	-0.167611983670082
2.55	1.22886975	0.338061577325647	-0.152021438833382
2.6	1.253047	0.3415459744868	-0.136173304323279
2.65	1.27722425	0.344644093432903	-0.120067580139775
2.7	1.3014015	0.347349706354025	-0.103704266282869
2.75	1.32557875	0.349656585440234	-0.0870833627525618
2.8	1.349756	0.3515585028816	-0.0702048695488527
2.85	1.37393325	0.353049230868191	-0.0530687866717421
2.9	1.3981105	0.354122541590075	-0.0356751141212297
2.95	1.42228775	0.354772207237322	-0.0180238518973157
3	1.446465	0.354992	-0.000115
3.05	1.4706336	0.354777145236305	0.017850753561853
3.1	1.4948022	0.35413126694264	0.035553059380353
3.15	1.5189708	0.353060732282135	0.0529919174555
3.2	1.5431394	0.35157190841792	0.0701673277872942
3.25	1.567308	0.349671162513125	0.0870792903757354
3.3	1.5914766	0.34736486173088	0.103727805220824
3.35	1.6156452	0.344659373234315	0.120112872322559
3.4	1.6398138	0.34156106418656	0.136234491680941
3.45	1.6639824	0.338076301750745	0.152092663295971
3.5	1.688151	0.33421145309	0.167687387167647
3.55	1.7123196	0.329972885367455	0.183018663295971
3.6	1.7364882	0.32536696574624	0.198086491680941
3.65	1.7606568	0.320400061389485	0.212890872322559
3.7	1.7848254	0.31507853946032	0.227431805220824
3.75	1.808994	0.309408767121875	0.241709290375735
3.8	1.8331626	0.30339711153728	0.255723327787294
3.85	1.8573312	0.297049939869665	0.2694739174555
3.9	1.8814998	0.29037361928216	0.282961059380353
3.95	1.9056684	0.283374516937895	0.296184753561853
4	1.929837	0.276059	0.309145
4.05	1.9539668	0.26848890118767	0.318191186890422
4.1	1.9780966	0.260708622401604	0.326565780423957
4.15	2.0022264	0.252734369055183	0.334268780600606
4.2	2.0263562	0.244582346561792	0.341300187420368
4.25	2.050486	0.236268760334813	0.347660000883244
4.3	2.0746158	0.227809815787628	0.353348220989233
4.35	2.0987456	0.219221718333622	0.358364847738336
4.4	2.1228754	0.210520673386176	0.362709881130552
4.45	2.1470052	0.201722886358675	0.366383321165882
4.5	2.171135	0.1928445626645	0.369385167844325
4.55	2.1952648	0.183901907717036	0.371715421165882
4.6	2.2193946	0.174911126929664	0.373374081130552
4.65	2.2435244	0.165888425715769	0.374361147738336
4.7	2.2676542	0.156850009488732	0.374676620989233
4.75	2.291784	0.147812083661938	0.374320500883244
4.8	2.3159138	0.138790853648768	0.373292787420368
4.85	2.3400436	0.129802524862607	0.371593480600606
4.9	2.3641734	0.120863302716836	0.369222580423957
4.95	2.3883032	0.11198939262484	0.366180086890422
5	2.412433	0.103197	0.362466
5.05	2.4364498	0.094592058730508	0.353942419213051
5.1	2.4604666	0.086203961045344	0.344408341666833
5.15	2.4844834	0.078056975843076	0.333863767361347
5.2	2.5085002	0.070175372022272	0.322308696296592
5.25	2.532517	0.0625834184815	0.309743128472569
5.3	2.5565338	0.055305384119328	0.296167063889278
5.35	2.5805506	0.048365537834324	0.281580502546717
5.4	2.6045674	0.041788148525056	0.265983444444889
5.45	2.6285842	0.035597485090092	0.249375889583791
5.5	2.652601	0.029817816428	0.231757837963426
5.55	2.6766178	0.024473411437348	0.213129289583791
5.6	2.7006346	0.019588539016704	0.193490244444889
5.65	2.7246514	0.015187468064636	0.172840702546717
5.7	2.7486682	0.011294467479712	0.151180663889278
5.75	2.772685	0.0079338061605	0.128510128472569
5.8	2.7967018	0.00512975300556801	0.104829096296592
5.85	2.8207186	0.002906576913484	0.0801375673613471
5.9	2.8447354	0.00128854678281601	0.0544355416668332
5.95	2.8687522	0.000299931512132007	0.0277230192130509
6	2.892769	-0.000035	0.000000