0	0.000000	0.000000	0.000000
0.05	0.0237209	0.00033047904081575	-0.027790564905305
0.1	0.0474418	0.001314952680986	-0.0551407913995253
0.15	0.0711627	0.00294297569709525	-0.0820506794826609
0.2	0.0948836	0.005204102865728	-0.108520229154712
0.25	0.1186045	0.00808788896346875	-0.134549440415678
0.3	0.1423254	0.011583888766902	-0.160138313265559
0.35	0.1660463	0.0156816570526122	-0.185286847704356
0.4	0.1897672	0.020370748597184	-0.209995043732068
0.45	0.2134881	0.0256407181772018	-0.234262901348695
0.5	0.237209	0.03148112056925	-0.258090420554237
0.55	0.2609299	0.0378815105499133	-0.281477601348695
0.6	0.2846508	0.044831442895776	-0.304424443732068
0.65	0.3083717	0.0523204723834228	-0.326930947704356
0.7	0.3320926	0.060338153789438	-0.348997113265559
0.75	0.3558135	0.0688740418904063	-0.370622940415678
0.8	0.3795344	0.077917691462912	-0.391808429154712
0.85	0.4032553	0.0874586572835398	-0.412553579482661
0.9	0.4269762	0.097486494128874	-0.432858391399525
0.95	0.4506971	0.107990756775499	-0.452722864905305
1	0.474418	0.118961	-0.472147
1.05	0.49838255	0.130425930819725	-0.484443334691169
1.1	0.5223471	0.142168723564292	-0.495336413099057
1.15	0.54631165	0.154155749828337	-0.504826235223664
1.2	0.5702762	0.166353381206496	-0.51291280106499
1.25	0.59424075	0.178727989293406	-0.519596110623035
1.3	0.6182053	0.191245945683704	-0.524876163897799
1.35	0.64216985	0.203873621972026	-0.528752960889282
1.4	0.6661344	0.216577389753008	-0.531226501597485
1.45	0.69009895	0.229323620621287	-0.532296786022406
1.5	0.7140635	0.2420786861715	-0.531963814164046
1.55	0.73802805	0.254808957998283	-0.530227586022406
1.6	0.7619926	0.267480807696272	-0.527088101597485
1.65	0.78595715	0.280060606860104	-0.522545360889282
1.7	0.8099217	0.292514727084416	-0.516599363897799
1.75	0.83388625	0.304809539963844	-0.509250110623035
1.8	0.8578508	0.316911417093024	-0.50049760106499
1.85	0.88181535	0.328786730066593	-0.490341835223664
1.9	0.9057799	0.340401850479188	-0.478782813099057
1.95	0.92974445	0.351723149925445	-0.465820534691169
2	0.953709	0.362717	-0.451455
2.05	0.9776766	0.373333124821918	-0.434332214331598
2.1	1.0016442	0.383532689549184	-0.416694732417764
2.15	1.0256118	0.393303358148066	-0.398542554258499
2.2	1.0495794	0.402632794584832	-0.379875679853803
2.25	1.073547	0.41150866282575	-0.360694109203675
2.3	1.0975146	0.419918626837088	-0.340997842308116
2.35	1.1214822	0.427850350585114	-0.320786879167126
2.4	1.1454498	0.435291498036096	-0.300061219780704
2.45	1.1694174	0.442229733156302	-0.278820864148851
2.5	1.193385	0.448652719912	-0.257065812271567
2.55	1.2173526	0.454548122269458	-0.234796064148851
2.6	1.2413202	0.459903604194944	-0.212011619780704
2.65	1.2652878	0.464706829654726	-0.188712479167126
2.7	1.2892554	0.468945462615072	-0.164898642308116
2.75	1.313223	0.47260716704225	-0.140570109203675
2.8	1.3371906	0.475679606902528	-0.115726879853803
2.85	1.3611582	0.478150446162174	-0.090368954258499
2.9	1.3851258	0.480007348787456	-0.064496332417764
2.95	1.4090934	0.481237978744642	-0.0381090143315977
3	1.433061	0.481830	-0.011207
3.05	1.45458745	0.481819249554655	0.0121285331270715
3.1	1.4761139	0.481311158583948	0.0350003890828724
3.15	1.49764035	0.480315708411323	0.0574085678674026
3.2	1.5191668	0.478842880360224	0.0793530694806621
3.25	1.54069325	0.476902655754094	0.100833893922651
3.3	1.5622197	0.474505015916376	0.121851041193369
3.35	1.58374615	0.471659942170514	0.142404511292816
3.4	1.6052726	0.468377415839952	0.162494304220993
3.45	1.62679905	0.464667418248133	0.182120419977899
3.5	1.6483255	0.4605399307185	0.201282858563534
3.55	1.66985195	0.456004934574497	0.219981619977899
3.6	1.6913784	0.451072411139568	0.238216704220993
3.65	1.71290485	0.445752341737156	0.255988111292816
3.7	1.7344313	0.440054707690704	0.273295841193369
3.75	1.75595775	0.433989490323656	0.290139893922651
3.8	1.7774842	0.427566670959456	0.306520269480662
3.85	1.79901065	0.420796230921547	0.322436967867403
3.9	1.8205371	0.413688151533372	0.337889989082872
3.95	1.84206355	0.406252414118375	0.352879333127071
4	1.863590	0.398499	0.367405
4.05	1.885345	0.3903810726973	0.37870531628821
4.1	1.9071	0.3820299810374	0.388840472967134
4.15	1.928855	0.3734710730676	0.397810470036773
4.2	1.95061	0.3647296968352	0.405615307497127
4.25	1.972365	0.3558312003875	0.412254985348196
4.3	1.99412	0.3468009317718	0.417729503589979
4.35	2.015875	0.3376642390354	0.422038862222478
4.4	2.03763	0.3284464702256	0.425183061245691
4.45	2.059385	0.3191729733897	0.427162100659618
4.5	2.08114	0.309869096575	0.427975980464261
4.55	2.102895	0.3005601878288	0.427624700659618
4.6	2.12465	0.2912715951984	0.426108261245691
4.65	2.146405	0.2820286667311	0.423426662222478
4.7	2.16816	0.2728567504742	0.419579903589979
4.75	2.189915	0.263781194475	0.414567985348196
4.8	2.21167	0.2548273467808	0.408390907497127
4.85	2.233425	0.2460205554389	0.401048670036773
4.9	2.25518	0.2373861684966	0.392541272967134
4.95	2.276935	0.2289495340012	0.38286871628821
5	2.298690	0.220736	0.372031
5.05	2.3204792	0.212804881776657	0.355911631732647
5.1	2.3422684	0.205227838258376	0.339530981177648
5.15	2.3640576	0.198010562577179	0.322889048335001
5.2	2.3858468	0.191158747865088	0.305985833204707
5.25	2.407636	0.184678087254125	0.288821335786766
5.3	2.4294252	0.178574273876312	0.271395556081178
5.35	2.4512144	0.172853000863671	0.253708494087943
5.4	2.4730036	0.167519961348224	0.23576014980706
5.45	2.4947928	0.162580848461993	0.217550523238531
5.5	2.516582	0.158041355337	0.199079614382355
5.55	2.5383712	0.153907175105267	0.180347423238531
5.6	2.5601604	0.150184000898816	0.16135394980706
5.65	2.5819496	0.146877525849669	0.142099194087943
5.7	2.6037388	0.143993443089848	0.122583156081178
5.75	2.625528	0.141537445751375	0.102805835786766
5.8	2.6473172	0.139515226966272	0.0827672332047069
5.85	2.6691064	0.137932479866561	0.0624673483350008
5.9	2.6908956	0.136794897584264	0.0419061811776476
5.95	2.7126848	0.136108173251403	0.0210837317326474
6	2.734474	0.135878	0.000000