0	0.000000	0.000000	0.000000
0.05	0.02659865	0.000374094631016375	-0.0280848866738208
0.1	0.0531973	0.001491701759641	-0.0559060326451342
0.15	0.07979595	0.00334580623923712	-0.0834634379139402
0.2	0.1063946	0.005929392923168	-0.110757102480239
0.25	0.13299325	0.00923544666479687	-0.13778702634403
0.3	0.1595919	0.013256952317487	-0.164553209505313
0.35	0.18619055	0.0179868947346016	-0.191055651964089
0.4	0.2127892	0.023418258769504	-0.217294353720358
0.45	0.23938785	0.0295440292755574	-0.243269314774119
0.5	0.2659865	0.036357191106125	-0.268980535125373
0.55	0.29258515	0.0438507291145701	-0.294428014774119
0.6	0.3191838	0.052017628154256	-0.319611753720358
0.65	0.34578245	0.0608508730785459	-0.344531751964089
0.7	0.3723811	0.070343448740803	-0.369188009505313
0.75	0.39897975	0.0804883399943906	-0.39358052634403
0.8	0.4255784	0.091278531692672	-0.417709302480239
0.85	0.45217705	0.10270700868901	-0.44157433791394
0.9	0.4787757	0.114766755836769	-0.465175632645134
0.95	0.50537435	0.127450757989311	-0.488513186673821
1	0.531973	0.140752	-0.511587
1.05	0.5585836	0.15453634454211	-0.52416575054452
1.1	0.5851942	0.16863535636172	-0.535236769452774
1.15	0.6118048	0.18300891381535	-0.544800056724764
1.2	0.6384154	0.19761689525952	-0.552855612360488
1.25	0.665026	0.21241917905075	-0.559403436359947
1.3	0.6916366	0.22737564354556	-0.564443528723141
1.35	0.7182472	0.24244616710047	-0.567975889450069
1.4	0.7448578	0.257590628072	-0.570000518540732
1.45	0.7714684	0.27276890481667	-0.57051741599513
1.5	0.798079	0.287940875691	-0.569526581813263
1.55	0.8246896	0.30306641905151	-0.56702801599513
1.6	0.8513002	0.31810541325472	-0.563021718540732
1.65	0.8779108	0.33301773665715	-0.557507689450069
1.7	0.9045214	0.34776326761532	-0.550485928723141
1.75	0.931132	0.36230188448575	-0.541956436359947
1.8	0.9577426	0.37659346562496	-0.531919212360488
1.85	0.9843532	0.39059788938947	-0.520374256724764
1.9	1.0109638	0.4042750341358	-0.507321569452774
1.95	1.0375744	0.41758477822047	-0.49276115054452
2	1.064185	0.430487	-0.476693
2.05	1.09080625	0.442872181043	-0.453765125193689
2.1	1.1174275	0.45464578223675	-0.430746258261727
2.15	1.14404875	0.465805381257125	-0.407636399204113
2.2	1.17067	0.47634855578	-0.384435548020848
2.25	1.19729125	0.48627288348125	-0.361143704711931
2.3	1.2239125	0.49557594203675	-0.337760869277363
2.35	1.25053375	0.504255309122375	-0.314287041717143
2.4	1.277155	0.512308562414	-0.290722222031272
2.45	1.30377625	0.5197332795875	-0.267066410219749
2.5	1.3303975	0.52652703831875	-0.243319606282575
2.55	1.35701875	0.532687416283625	-0.219481810219749
2.6	1.38364	0.538211991158	-0.195553022031272
2.65	1.41026125	0.54309834061775	-0.171533241717143
2.7	1.4368825	0.54734404233875	-0.147422469277363
2.75	1.46350375	0.550946673996875	-0.123220704711931
2.8	1.490125	0.553903813268	-0.0989279480208479
2.85	1.51674625	0.556213037828	-0.0745441992041132
2.9	1.5433675	0.55787192535275	-0.0500694582617269
2.95	1.56998875	0.558878053518125	-0.0255037251936893
3	1.596610	0.559229	-0.000847
3.05	1.6208661	0.55895314522503	0.0234412492231129
3.1	1.6451222	0.558099135792158	0.046823866949056
3.15	1.6693783	0.556688938789543	0.0693008531778294
3.2	1.6936344	0.554744521305344	0.090872207909433
3.25	1.7178905	0.552287850427719	0.111537931143867
3.3	1.7421466	0.549340893244826	0.131298022881131
3.35	1.7664027	0.545925616844824	0.150152483121225
3.4	1.7906588	0.542063988315872	0.168101311864149
3.45	1.8149149	0.537777974746128	0.185144509109904
3.5	1.839171	0.53308954322375	0.201282074858489
3.55	1.8634271	0.528020660836897	0.216514009109904
3.6	1.8876832	0.522593294673728	0.230840311864149
3.65	1.9119393	0.516829411822401	0.244260983121225
3.7	1.9361954	0.510750979371074	0.256776022881131
3.75	1.9604515	0.504379964407906	0.268385431143867
3.8	1.9847076	0.497738334021056	0.279089207909433
3.85	2.0089637	0.490848055298682	0.288887353177829
3.9	2.0332198	0.483731095328942	0.297779866949056
3.95	2.0574759	0.476409421199995	0.305766749223113
4	2.081732	0.468905	0.312848
4.05	2.1060139	0.461245593540765	0.317895672079646
4.1	2.1302958	0.453473094455058	0.322162973414066
4.15	2.1545777	0.445606451627278	0.32564990400326
4.2	2.1788596	0.437664613941824	0.328356463847228
4.25	2.2031415	0.429666530283094	0.33028265294597
4.3	2.2274234	0.421631149535486	0.331428471299487
4.35	2.2517053	0.413577420583399	0.331793918907777
4.4	2.2759872	0.405524292311232	0.331378995770842
4.45	2.3002691	0.397490713603383	0.330183701888681
4.5	2.324551	0.38949563334425	0.328208037261294
4.55	2.3488329	0.381558000418232	0.325452001888681
4.6	2.3731148	0.373696763709728	0.321915595770842
4.65	2.3973967	0.365930872103136	0.317598818907777
4.7	2.4216786	0.358279274482854	0.312501671299487
4.75	2.4459605	0.350760919733281	0.30662415294597
4.8	2.4702424	0.343394756738816	0.299966263847228
4.85	2.4945243	0.336199734383857	0.29252800400326
4.9	2.5188062	0.329194801552802	0.284309373414066
4.95	2.5430881	0.32239890713005	0.275310372079646
5	2.567370	0.315831	0.265531
5.05	2.59167325	0.309515268436136	0.254179019993957
5.1	2.6159765	0.303477888633285	0.24262445367276
5.15	2.64027975	0.297723784097312	0.23086730103641
5.2	2.664583	0.29225787833408	0.218907562084906
5.25	2.68888625	0.287085094849453	0.20674523681825
5.3	2.7131895	0.282210357149295	0.19438032523644
5.35	2.73749275	0.277638588739469	0.181812827339476
5.4	2.761796	0.27337471312584	0.169042743127359
5.45	2.78609925	0.269423653814271	0.156070072600089
5.5	2.8104025	0.265790334310625	0.142894815757666
5.55	2.83470575	0.262479678120767	0.129516972600089
5.6	2.859009	0.25949660875056	0.115936543127359
5.65	2.88331225	0.256846049705868	0.102153527339476
5.7	2.9076155	0.254532924492555	0.0881679252364395
5.75	2.93191875	0.252562156616484	0.0739797368182496
5.8	2.956222	0.25093866958352	0.0595889620849063
5.85	2.98052525	0.249667386899526	0.0449956010364097
5.9	3.0048285	0.248753232070365	0.0301996536727598
5.95	3.02913175	0.248201128601902	0.0152011199939566
6	3.053435	0.248016	0.000000