0	0.000000	0.000000	0.000000
0.05	0.02377095	0.000299197576676125	-0.0251159344915064
0.1	0.0475419	0.001191328185299	-0.0498871969312754
0.15	0.07131285	0.00266819864376037	-0.0743137873193068
0.2	0.0950838	0.004721615769952	-0.0983957056556006
0.25	0.11885475	0.00734338638176562	-0.122132951940157
0.3	0.1426257	0.010525317297093	-0.145525526172976
0.35	0.16639665	0.0142592153338259	-0.168573428354057
0.4	0.1901676	0.018536887309856	-0.191276658483401
0.45	0.21393855	0.0233501400430751	-0.213635216561007
0.5	0.2377095	0.028690780351375	-0.235649102586876
0.55	0.26148045	0.0345506150526474	-0.257318316561007
0.6	0.2852514	0.040921450964784	-0.278642858483401
0.65	0.30902235	0.0477950949056766	-0.299622728354057
0.7	0.3327933	0.055163353693217	-0.320257926172976
0.75	0.35656425	0.0630180341452969	-0.340548451940157
0.8	0.3803352	0.071350943079808	-0.360494305655601
0.85	0.40410615	0.0801538873146421	-0.380095487319307
0.9	0.4278771	0.089418673667691	-0.399351996931275
0.95	0.45164805	0.0991371089568464	-0.418263834491507
1	0.475419	0.109301	-0.436831
1.05	0.4992301	0.119836673681782	-0.447897907987913
1.1	0.5230412	0.130620926028636	-0.457710225661309
1.15	0.5468523	0.141623883865124	-0.466267953020188
1.2	0.5706634	0.152815674015808	-0.47357109006455
1.25	0.5944745	0.16416642330525	-0.479619636794394
1.3	0.6182856	0.175646258558012	-0.484413593209722
1.35	0.6420967	0.187225306598656	-0.487952959310532
1.4	0.6659078	0.198873694251744	-0.490237735096825
1.45	0.6897189	0.210561548341838	-0.4912679205686
1.5	0.71353	0.2222589956935	-0.491043515725859
1.55	0.7373411	0.233936163131292	-0.4895645205686
1.6	0.7611522	0.245563177479776	-0.486830935096825
1.65	0.7849633	0.257110165563514	-0.482842759310532
1.7	0.8087744	0.268547254207068	-0.477599993209721
1.75	0.8325855	0.279844570235	-0.471102636794394
1.8	0.8563966	0.290972240471872	-0.463350690064549
1.85	0.8802077	0.301900391742246	-0.454344153020188
1.9	0.9040188	0.312599150870684	-0.444083025661309
1.95	0.9278299	0.323038644681748	-0.432567307987913
2	0.951641	0.333189	-0.419797
2.05	0.97534405	0.342944042227032	-0.403229724002481
2.1	0.9990471	0.352300866891642	-0.386196466531016
2.15	1.02275015	0.361248428811656	-0.368697227585606
2.2	1.0464532	0.369775682804896	-0.350732007166251
2.25	1.07015625	0.377871583689187	-0.33230080527295
2.3	1.0938593	0.385525086282354	-0.313403621905704
2.35	1.11756235	0.392725145402219	-0.294040457064513
2.4	1.1412654	0.399460715866608	-0.274211310749376
2.45	1.16496845	0.405720752493343	-0.253916182960294
2.5	1.1886715	0.41149421010025	-0.233155073697267
2.55	1.21237455	0.416770043505152	-0.211927982960294
2.6	1.2360776	0.421537207525872	-0.190234910749376
2.65	1.25978065	0.425784656980235	-0.168075857064513
2.7	1.2834837	0.429501346686066	-0.145450821905704
2.75	1.30718675	0.432676231461187	-0.12235980527295
2.8	1.3308898	0.435298266123424	-0.0988028071662507
2.85	1.35459285	0.4373564054906	-0.0747798275856061
2.9	1.3782959	0.438839604380538	-0.050290866531016
2.95	1.40199895	0.439736817611064	-0.0253359240024807
3	1.425702	0.440037	0.000085
3.05	1.44888735	0.439744130280552	0.0250712081831901
3.1	1.4720727	0.438879398421693	0.0494146102418338
3.15	1.49525805	0.437457708108404	0.0731152061759312
3.2	1.5184434	0.435493963025664	0.0961729959854823
3.25	1.54162875	0.433003066858453	0.118587979670487
3.3	1.5648141	0.429999923291751	0.140360157230946
3.35	1.58799945	0.426499436010537	0.161489528666858
3.4	1.6111848	0.422516508699792	0.181976093978223
3.45	1.63437015	0.418066045044495	0.201819853165043
3.5	1.6575555	0.413162948729625	0.221020806227316
3.55	1.68074085	0.407822123440163	0.239578953165043
3.6	1.7039262	0.402058472861088	0.257494293978223
3.65	1.72711155	0.39588690067738	0.274766828666858
3.7	1.7502969	0.389322310574019	0.291396557230946
3.75	1.77348225	0.382379606235984	0.307383479670487
3.8	1.7966676	0.375073691348256	0.322727595985482
3.85	1.81985295	0.367419469595814	0.337428906175931
3.9	1.8430383	0.359431844663637	0.351487410241834
3.95	1.86622365	0.351125720236706	0.36490310818319
4	1.889409	0.342516	0.377676
4.05	1.9127377	0.333587084012428	0.387615661606594
4.1	1.9360664	0.324440005808202	0.396379332517757
4.15	1.9593951	0.315102199721459	0.403967012733489
4.2	1.9827238	0.305601100086336	0.41037870225379
4.25	2.0060525	0.295964141236969	0.41561440107866
4.3	2.0293812	0.286218757507494	0.419674109208099
4.35	2.0527099	0.276392383232048	0.422557826642108
4.4	2.0760386	0.266512452744768	0.424265553380685
4.45	2.0993673	0.25660640037979	0.424797289423832
4.5	2.122696	0.24670166047125	0.424153034771547
4.55	2.1460247	0.236825667353285	0.422332789423832
4.6	2.1693534	0.227005855360032	0.419336553380685
4.65	2.1926821	0.217269658825627	0.415164326642108
4.7	2.2160108	0.207644512084206	0.4098161092081
4.75	2.2393395	0.198157849469906	0.40329190107866
4.8	2.2626682	0.188837105316864	0.39559170225379
4.85	2.2859969	0.179709713959216	0.386715512733489
4.9	2.3093256	0.170803109731098	0.376663332517757
4.95	2.3326543	0.162144726966647	0.365435161606594
5	2.355983	0.153762	0.353031
5.05	2.37935525	0.145719261267251	0.335201852526955
5.1	2.4027275	0.138093011360605	0.317391399524757
5.15	2.42609975	0.130882813348217	0.299599640993406
5.2	2.449472	0.12408823029824	0.281826576932901
5.25	2.47284425	0.117708825278828	0.264072207343244
5.3	2.4962165	0.111744161358135	0.246336532224433
5.35	2.51958875	0.106193801604314	0.228619551576469
5.4	2.542961	0.10105730908552	0.210921265399352
5.45	2.56633325	0.0963342468699056	0.193241673693082
5.5	2.5897055	0.092024178025625	0.175580776457658
5.55	2.61307775	0.0881266656208319	0.157938573693082
5.6	2.63645	0.08464127272368	0.140315065399352
5.65	2.65982225	0.0815675624023231	0.122710251576469
5.7	2.6831945	0.078905097724915	0.105124132224433
5.75	2.70656675	0.0766534417596094	0.0875567073432438
5.8	2.729939	0.07481215757456	0.0700079769329013
5.85	2.75331125	0.0733808082379206	0.0524779409934057
5.9	2.7766835	0.072358956817845	0.034966599524757
5.95	2.80005575	0.0717461663824869	0.0174739525269551
6	2.823428	0.071542	0.000000