0	0.000000	0.000000	0.000000
0.05	0.0305583	0.00042058365956475	-0.0274793124581292
0.1	0.0611166	0.001676549657298	-0.0546746604469817
0.15	0.0916749	0.00375922052175825	-0.0815860439665574
0.2	0.1222332	0.006659918781504	-0.108213463016856
0.25	0.1527915	0.0103699669650937	-0.134556917597878
0.3	0.1833498	0.014880687601086	-0.160616407709624
0.35	0.2139081	0.0201834032180392	-0.186391933352093
0.4	0.2444664	0.026269436344512	-0.211883494525284
0.45	0.2750247	0.0331301095090627	-0.2370910912292
0.5	0.305583	0.04075674524025	-0.262014723463838
0.55	0.3361413	0.0491406660666323	-0.2866543912292
0.6	0.3666996	0.058273194516768	-0.311010094525284
0.65	0.3972579	0.0681456531192158	-0.335081833352093
0.7	0.4278162	0.078749364402534	-0.358869607709624
0.75	0.4583745	0.0900756508952812	-0.382373417597878
0.8	0.4889328	0.102115835126016	-0.405593263016856
0.85	0.5194911	0.114861239623297	-0.428529143966557
0.9	0.5500494	0.128303186915682	-0.451181060446982
0.95	0.5806077	0.14243299953173	-0.473549012458129
1	0.611166	0.157242	-0.495633
1.05	0.6418867	0.172711507227527	-0.511250761534413
1.1	0.6726074	0.188640281575574	-0.525532521854678
1.15	0.7033281	0.204987280151642	-0.538478280960794
1.2	0.7340488	0.221711460063232	-0.550088038852761
1.25	0.7647695	0.238771778417844	-0.560361795530579
1.3	0.7954902	0.256127192322978	-0.569299550994249
1.35	0.8262109	0.273736658886135	-0.576901305243769
1.4	0.8569316	0.291559135214816	-0.583167058279141
1.45	0.8876523	0.309553578416521	-0.588096810100364
1.5	0.918373	0.32767894559875	-0.591690560707439
1.55	0.9490937	0.345894193869004	-0.593948310100364
1.6	0.9798144	0.364158280334784	-0.594870058279141
1.65	1.0105351	0.38243016210359	-0.594455805243769
1.7	1.0412558	0.400668796282922	-0.592705550994249
1.75	1.0719765	0.418833139980281	-0.589619295530579
1.8	1.1026972	0.436882150303168	-0.585197038852761
1.85	1.1334179	0.454774784359083	-0.579438780960794
1.9	1.1641386	0.472469999255526	-0.572344521854678
1.95	1.1948593	0.489926752099998	-0.563914261534414
2	1.225580	0.507104	-0.554148
2.05	1.2563201	0.523820524198145	-0.53333478567634
2.1	1.2870602	0.539886091657698	-0.511795714965696
2.15	1.3178003	0.555278389480738	-0.48953078786807
2.2	1.3485404	0.569975104769344	-0.46654000438346
2.25	1.3792805	0.583953924625594	-0.442823364511867
2.3	1.4100206	0.597192536151566	-0.418380868253291
2.35	1.4407607	0.609668626449339	-0.393212515607732
2.4	1.4715008	0.621359882620992	-0.36731830657519
2.45	1.5022409	0.632243991768603	-0.340698241155665
2.5	1.532981	0.64229864099425	-0.313352319349156
2.55	1.5637211	0.651501517400012	-0.285280541155665
2.6	1.5944612	0.659830308087968	-0.25648290657519
2.65	1.6252013	0.667262700160196	-0.226959415607732
2.7	1.6559414	0.673776380718774	-0.196710068253291
2.75	1.6866815	0.679349036865781	-0.165734864511867
2.8	1.7174216	0.683958355703296	-0.13403380438346
2.85	1.7481617	0.687582024333397	-0.10160688786807
2.9	1.7789018	0.690197729858162	-0.0684541149656963
2.95	1.8096419	0.69178315937967	-0.0345754856763397
3	1.840382	0.692316	0.000029
3.05	1.86862775	0.691904504112546	0.0290201694953666
3.1	1.8968735	0.69068155948622	0.0574853422017472
3.15	1.92511925	0.688662023294824	0.0854245181191418
3.2	1.953365	0.68586075271216	0.112837697247551
3.25	1.98161075	0.682292604912031	0.139724879586973
3.3	2.0098565	0.67797243706824	0.16608606513741
3.35	2.03810225	0.672915106354589	0.191921253898861
3.4	2.066348	0.66713546994488	0.217230445871326
3.45	2.09459375	0.660648385012916	0.242013641054805
3.5	2.1228395	0.6534687087325	0.266270839449298
3.55	2.15108525	0.645611298277434	0.290002041054805
3.6	2.179331	0.63709101082152	0.313207245871326
3.65	2.20757675	0.627922703538561	0.335886453898861
3.7	2.2358225	0.61812123360236	0.35803966513741
3.75	2.26406825	0.607701458186719	0.379666879586973
3.8	2.292314	0.59667823446544	0.40076809724755
3.85	2.32055975	0.585066419612326	0.421343318119142
3.9	2.3488055	0.57288087080118	0.441392542201747
3.95	2.37705125	0.560136445205804	0.460915769495367
4	2.405297	0.546848	0.479913
4.05	2.43357035	0.533109099752825	0.491754307409716
4.1	2.4618437	0.51905193796199	0.502426182460515
4.15	2.49011705	0.50470957839788	0.511928625152396
4.2	2.5183904	0.49011508483088	0.52026163548536
4.25	2.54666375	0.475301521031375	0.527425213459406
4.3	2.5749371	0.46030195076975	0.533419359074535
4.35	2.60321045	0.44514943781639	0.538244072330746
4.4	2.6314838	0.42987704594168	0.54189935322804
4.45	2.65975715	0.414517838916005	0.544385201766416
4.5	2.6880305	0.39910488050975	0.545701617945875
4.55	2.71630385	0.3836712344933	0.545848601766416
4.6	2.7445772	0.36824996463704	0.54482615322804
4.65	2.77285055	0.352874134711355	0.542634272330746
4.7	2.8011239	0.33757680848663	0.539272959074535
4.75	2.82939725	0.32239104973325	0.534742213459406
4.8	2.8576706	0.3073499222216	0.52904203548536
4.85	2.88594395	0.292486489722065	0.522172425152396
4.9	2.9142173	0.27783381600503	0.514133382460515
4.95	2.94249065	0.26342496484088	0.504924907409716
5	2.970764	0.249293	0.494547
5.05	2.9990593	0.235601407454487	0.473158855048303
5.1	3.0273546	0.222519971718858	0.451419214828364
5.15	3.0556499	0.210058638457176	0.429328079340182
5.2	3.0839452	0.198227353333504	0.406885448583758
5.25	3.1122405	0.187036062011906	0.384091322559091
5.3	3.1405358	0.176494710156446	0.360945701266182
5.35	3.1688311	0.166613243431187	0.33744858470503
5.4	3.1971264	0.157401607500192	0.313599972875637
5.45	3.2254217	0.148869748027525	0.289399865778
5.5	3.253717	0.14102761067725	0.264848263412121
5.55	3.2820123	0.13388514111343	0.239945165778
5.6	3.3103076	0.127452285000128	0.214690572875637
5.65	3.3386029	0.121738988001408	0.18908448470503
5.7	3.3668982	0.116755195781334	0.163126901266182
5.75	3.3951935	0.112510854003969	0.136817822559091
5.8	3.4234888	0.109015908333376	0.110157248583758
5.85	3.4517841	0.106280304433619	0.0831451793401819
5.9	3.4800794	0.104313987968762	0.0557816148283636
5.95	3.5083747	0.103126904602868	0.028066555048303
6	3.536670	0.102729	0.000000