0	0.000000	0.000000	0.000000
0.05	0.03783865	0.000416641272515	-0.0220778567376214
0.1	0.0756773	0.00167502008532	-0.0444908864502301
0.15	0.11351595	0.003787818931305	-0.067239089137826
0.2	0.1513546	0.00676772030336	-0.0903224648004091
0.25	0.18919325	0.010627406694375	-0.113741013437979
0.3	0.2270319	0.01537956059724	-0.137494735050537
0.35	0.26487055	0.021036864504845	-0.161583629638082
0.4	0.3027092	0.02761200091008	-0.186007697200614
0.45	0.34054785	0.035117652305835	-0.210766937738133
0.5	0.3783865	0.043566501185	-0.235861351250639
0.55	0.41622515	0.052971230040465	-0.261290937738133
0.6	0.4540638	0.06334452136512	-0.287055697200614
0.65	0.49190245	0.074699057651855	-0.313155629638082
0.7	0.5297411	0.08704752139356	-0.339590735050537
0.75	0.56757975	0.100402595083125	-0.366361013437979
0.8	0.6054184	0.11477696121344	-0.393466464800409
0.85	0.64325705	0.130183302277395	-0.420907089137826
0.9	0.6810957	0.14663430076788	-0.44868288645023
0.95	0.71893435	0.164142639177785	-0.476793856737621
1	0.756773	0.182721	-0.505240
1.05	0.79469505	0.202106712106048	-0.516882971420351
1.1	0.8326171	0.221902672205213	-0.526876382691192
1.15	0.87053915	0.242046325595028	-0.535220233812521
1.2	0.9084612	0.262475117573024	-0.54191452478434
1.25	0.94638325	0.283126493436734	-0.546959255606649
1.3	0.9843053	0.303937898483691	-0.550354426279447
1.35	1.02222735	0.324846778011426	-0.552100036802734
1.4	1.0601494	0.345790577317472	-0.55219608717651
1.45	1.09807145	0.366706741699361	-0.550642577400776
1.5	1.1359935	0.387532716454625	-0.547439507475532
1.55	1.17391555	0.408205946880797	-0.542586877400776
1.6	1.2118376	0.428663878275408	-0.53608468717651
1.65	1.24975965	0.448843955935991	-0.527932936802734
1.7	1.2876817	0.468683625160079	-0.518131626279447
1.75	1.32560375	0.488120331245203	-0.506680755606649
1.8	1.3635258	0.507091519488896	-0.49358032478434
1.85	1.40144785	0.52553463518869	-0.478830333812521
1.9	1.4393699	0.543387123642117	-0.462430782691191
1.95	1.47729195	0.560586430146709	-0.444381671420351
2	1.515214	0.577070	-0.424683
2.05	1.5534191	0.592853566364197	-0.401612578799735
2.1	1.5916242	0.607760442447018	-0.378789112462656
2.15	1.6298293	0.621800063183706	-0.356212600988762
2.2	1.6680344	0.634981863509504	-0.333883044378054
2.25	1.7062395	0.647315278359656	-0.311800442630532
2.3	1.7444446	0.658809742669406	-0.289964795746196
2.35	1.7826497	0.669474691373997	-0.268376103725046
2.4	1.8208548	0.679319559408672	-0.247034366567081
2.45	1.8590599	0.688353781708675	-0.225939584272303
2.5	1.897265	0.69658679320925	-0.20509175684071
2.55	1.9354701	0.70402802884564	-0.184490884272303
2.6	1.9736752	0.710686923553088	-0.164136966567081
2.65	2.0118803	0.716572912266838	-0.144030003725046
2.7	2.0500854	0.721695429922134	-0.124169995746196
2.75	2.0882905	0.726063911454219	-0.104556942630532
2.8	2.1264956	0.729687791798336	-0.0851908443780542
2.85	2.1647007	0.732576505889729	-0.066071700988762
2.9	2.2029058	0.734739488663642	-0.0471995124626555
2.95	2.2411109	0.736186175055318	-0.0285742787997349
3	2.279316	0.736926	-0.010196
3.05	2.3159175	0.736870855637011	0.0132205265779066
3.1	2.352519	0.73595739082579	0.0367048345686652
3.15	2.3891205	0.734183124664954	0.0602569239722757
3.2	2.425722	0.73154557625312	0.0838767947887381
3.25	2.4623235	0.728042264688906	0.107564447018052
3.3	2.498925	0.72367070907093	0.131319880660219
3.35	2.5355265	0.718428428497809	0.155143095715237
3.4	2.572128	0.71231294206816	0.179034092183107
3.45	2.6087295	0.705321768880601	0.202992870063829
3.5	2.645331	0.69745242803375	0.227019429357403
3.55	2.6819325	0.688702438626224	0.251113770063829
3.6	2.718534	0.67906931975664	0.275275892183107
3.65	2.7551355	0.668550590523616	0.299505795715237
3.7	2.791737	0.65714377002577	0.323803480660219
3.75	2.8283385	0.644846377361719	0.348168947018052
3.8	2.86494	0.63165593163008	0.372602194788738
3.85	2.9015415	0.617569951929471	0.397103223972276
3.9	2.938143	0.60258595735851	0.421672034568665
3.95	2.9747445	0.586701467015814	0.446308626577906
4	3.011346	0.569914	0.471013
4.05	3.0476764	0.552616992772274	0.480948498658369
4.1	3.0840068	0.534985642177872	0.489418707984278
4.15	3.1203372	0.517073182764358	0.496423627977727
4.2	3.1566676	0.498932849079296	0.501963258638716
4.25	3.192998	0.48061787567025	0.506037599967245
4.3	3.2293284	0.462181497084784	0.508646651963314
4.35	3.2656588	0.443676947870462	0.509790414626924
4.4	3.3019892	0.425157462574848	0.509468887958074
4.45	3.3383196	0.406676275745506	0.507682071956763
4.5	3.37465	0.38828662193	0.504429966622993
4.55	3.4109804	0.370041735675894	0.499712571956763
4.6	3.4473108	0.351994851530752	0.493529887958074
4.65	3.4836412	0.334199204042138	0.485881914626924
4.7	3.5199716	0.316708027757616	0.476768651963314
4.75	3.556302	0.29957455722475	0.466190099967245
4.8	3.5926324	0.282852026991104	0.454146258638716
4.85	3.6289628	0.266593671604242	0.440637127977727
4.9	3.6652932	0.250852725611728	0.425662707984278
4.95	3.7016236	0.235682423561126	0.409222998658369
5	3.737954	0.221136	0.391318
5.05	3.77435705	0.20728563698029	0.369663832874423
5.1	3.8107601	0.194219550673762	0.348229483341011
5.15	3.84716315	0.181929739049617	0.327014951399766
5.2	3.8835662	0.170408200077056	0.306020237050687
5.25	3.91996925	0.159646931725281	0.285245340293774
5.3	3.9563723	0.149637931963494	0.264690261129026
5.35	3.99277535	0.140373198760896	0.244354999556445
5.4	4.0291784	0.131844730086688	0.22423955557603
5.45	4.06558145	0.124044523910072	0.204343929187781
5.5	4.1019845	0.11696457820025	0.184668120391698
5.55	4.13838755	0.110596890926423	0.165212129187781
5.6	4.1747906	0.104933460057792	0.14597595557603
5.65	4.21119365	0.0999662835635593	0.126959599556445
5.7	4.2475967	0.095687359412926	0.108163061129026
5.75	4.28399975	0.0920886855750938	0.0895863402937736
5.8	4.3204028	0.089162260019264	0.0712294370506868
5.85	4.35680585	0.0869000807146383	0.053092351399766
5.9	4.3932089	0.085294145630418	0.0351750833410113
5.95	4.42961195	0.0843364527358048	0.0174776328744226
6	4.466015	0.084019	0.000000