0	0.000000	0.000000	0.000000
0.05	0.0252085	0.00038598941327875	-0.0305656682036317
0.1	0.050417	0.00153810093453	-0.0607828397542496
0.15	0.0756255	0.00344754948587625	-0.0906515146518535
0.2	0.100834	0.00610554998944	-0.120171692896444
0.25	0.1260425	0.00950331736734375	-0.14934337448802
0.3	0.151251	0.01363206654171	-0.178166559426582
0.35	0.1764595	0.0184830124346612	-0.206641247712131
0.4	0.201668	0.02404736996832	-0.234767439344666
0.45	0.2268765	0.0303163540648088	-0.262545134324186
0.5	0.252085	0.03728117964625	-0.289974332650693
0.55	0.2772935	0.0449330616347663	-0.317055034324186
0.6	0.302502	0.05326321495248	-0.343787239344665
0.65	0.3277105	0.0622628545215138	-0.370170947712131
0.7	0.352919	0.07192319526399	-0.396206159426582
0.75	0.3781275	0.0822354521020313	-0.42189287448802
0.8	0.403336	0.09319083995776	-0.447231092896444
0.85	0.4285445	0.104780573753299	-0.472220814651854
0.9	0.453753	0.11699586841077	-0.49686203975425
0.95	0.4789615	0.129827938852296	-0.521154768203632
1	0.504170	0.143268	-0.545099
1.05	0.5294481	0.157219897368781	-0.558517743815882
1.1	0.5547262	0.171491614108486	-0.570403067230092
1.15	0.5800043	0.18604438826486	-0.580754970242631
1.2	0.6052824	0.200839457883648	-0.589573452853498
1.25	0.6305605	0.215838061010594	-0.596858515062693
1.3	0.6558386	0.231001435691442	-0.602610156870216
1.35	0.6811167	0.246290819971937	-0.606828378276067
1.4	0.7063948	0.261667451897824	-0.609513179280246
1.45	0.7316729	0.277092569514847	-0.610664559882754
1.5	0.756951	0.29252741086875	-0.61028252008359
1.55	0.7822291	0.307933214005278	-0.608367059882754
1.6	0.8075072	0.323271216970176	-0.604918179280246
1.65	0.8327853	0.338502657809188	-0.599935878276067
1.7	0.8580634	0.353588774568058	-0.593420156870216
1.75	0.8833415	0.368490805292531	-0.585371015062693
1.8	0.9086196	0.383169988028352	-0.575788452853498
1.85	0.9338977	0.397587560821265	-0.564672470242631
1.9	0.9591758	0.411704761717014	-0.552023067230092
1.95	0.9844539	0.425482828761344	-0.537840243815882
2	1.009732	0.438883	-0.522124
2.05	1.03474825	0.451689933472431	-0.501665697263529
2.1	1.0597645	0.46397761313695	-0.480610679025633
2.15	1.08478075	0.475731111409394	-0.458958945286314
2.2	1.109797	0.4869355007056	-0.43671049604557
2.25	1.13481325	0.497575853441406	-0.413865331303403
2.3	1.1598295	0.50763724203265	-0.390423451059811
2.35	1.18484575	0.517104738895169	-0.366384855314795
2.4	1.209862	0.5259634164448	-0.341749544068356
2.45	1.23487825	0.534198347097381	-0.316517517320492
2.5	1.2598945	0.54179460326875	-0.290688775071204
2.55	1.28491075	0.548737257374744	-0.264263317320492
2.6	1.309927	0.5550113818312	-0.237241144068356
2.65	1.33494325	0.560602049053956	-0.209622255314795
2.7	1.3599595	0.56549433145885	-0.181406651059811
2.75	1.38497575	0.569673301461719	-0.152594331303403
2.8	1.409992	0.5731240314784	-0.12318529604557
2.85	1.43500825	0.575831593924731	-0.093179545286314
2.9	1.4600245	0.57778106121655	-0.0625770790256333
2.95	1.48504075	0.578957505769694	-0.0313778972635287
3	1.510057	0.579346	0.000418
3.05	1.5350918	0.578938574554124	0.0320346739126337
3.1	1.5601266	0.577746846072832	0.0630750242555164
3.15	1.5851614	0.575785242701428	0.0935390510286482
3.2	1.6101962	0.573068192585216	0.123426754232029
3.25	1.635231	0.5696101238695	0.152738133865659
3.3	1.6602658	0.565425464699584	0.181473189929538
3.35	1.6853006	0.560528643220772	0.209631922423666
3.4	1.7103354	0.554934087578368	0.237214331348044
3.45	1.7353702	0.548656225917676	0.26422041670267
3.5	1.760405	0.541709486384	0.290650178487546
3.55	1.7854398	0.534108297122644	0.31650361670267
3.6	1.8104746	0.525867086278912	0.341780731348044
3.65	1.8355094	0.517000281998108	0.366481522423667
3.7	1.8605442	0.507522312425536	0.390605989929538
3.75	1.885579	0.4974476057065	0.414154133865659
3.8	1.9106138	0.486790589986304	0.437125954232029
3.85	1.9356486	0.475565693410252	0.459521451028648
3.9	1.9606834	0.463787344123648	0.481340624255516
3.95	1.9857182	0.451469970271796	0.502583473912634
4	2.010753	0.438628	0.523250
4.05	2.03597355	0.425236331453265	0.53846817776694
4.1	2.0611941	0.41147951420882	0.552206442084728
4.15	2.08641465	0.397394872497805	0.564464792953365
4.2	2.1116352	0.38301973055136	0.575243230372851
4.25	2.13685575	0.368391412600625	0.584541754343184
4.3	2.1620763	0.35354724287674	0.592360364864366
4.35	2.18729685	0.338524545610845	0.598699061936397
4.4	2.2125174	0.32336064503408	0.603557845559276
4.45	2.23773795	0.308092865377585	0.606936715733003
4.5	2.2629585	0.2927585308725	0.608835672457579
4.55	2.28817905	0.277394965749965	0.609254715733003
4.6	2.3133996	0.26203949424112	0.608193845559276
4.65	2.33862015	0.246729440577105	0.605653061936397
4.7	2.3638407	0.23150212898906	0.601632364864366
4.75	2.38906125	0.216394883708125	0.596131754343184
4.8	2.4142818	0.20144502896544	0.58915123037285
4.85	2.43950235	0.186689888992145	0.580690792953365
4.9	2.4647229	0.17216678801938	0.570750442084728
4.95	2.48994345	0.157913050278285	0.55933017776694
5	2.515164	0.143966	0.546430
5.05	2.5403532	0.13050293531321	0.522466410365156
5.1	2.5655424	0.11764794601928	0.498149356481349
5.15	2.5907316	0.10540993559987	0.473478838348578
5.2	2.6159208	0.09379780753664	0.448454855966843
5.25	2.64111	0.08282046531125	0.423077409336144
5.3	2.6662992	0.07248681240536	0.397346498456481
5.35	2.6914884	0.06280575230063	0.371262123327855
5.4	2.7166776	0.05378618847872	0.344824283950264
5.45	2.7418668	0.04543702442129	0.31803298032371
5.5	2.767056	0.03776716361	0.290888212448192
5.55	2.7922452	0.03078550952651	0.26338998032371
5.6	2.8174344	0.02450096565248	0.235538283950264
5.65	2.8426236	0.01892243546957	0.207333123327855
5.7	2.8678128	0.01405882245944	0.178774498456481
5.75	2.893002	0.00991903010374998	0.149862409336144
5.8	2.9181912	0.00651196188416001	0.120596855966843
5.85	2.9433804	0.00384652128232998	0.090977838348578
5.9	2.9685696	0.00193161177991999	0.0610053564813491
5.95	2.9937588	0.000776136858590015	0.0306794103651565
6	3.018948	0.000389	0.000000