0	0.000000	0.000000	0.000000
0.05	0.02429205	0.00034340642700775	-0.028118117914225
0.1	0.0485841	0.001358561197082	-0.0553060234164264
0.15	0.07287615	0.00302286754379925	-0.081563716506604
0.2	0.0971682	0.005313728700736	-0.106891197184758
0.25	0.12146025	0.00820854790146875	-0.131288465450888
0.3	0.1457523	0.011684728379574	-0.154755521304995
0.35	0.17004435	0.0157196733686282	-0.177292364747078
0.4	0.1943364	0.020290786102208	-0.198898995777137
0.45	0.21862845	0.0253754698138898	-0.219575414395172
0.5	0.2429205	0.03095112773725	-0.239321620601184
0.55	0.26721255	0.0369951631058653	-0.258137614395173
0.6	0.2915046	0.043484979153312	-0.276023395777137
0.65	0.31579665	0.0503979791131668	-0.292978964747078
0.7	0.3400887	0.057711566219006	-0.309004321304995
0.75	0.36438075	0.0654031437044063	-0.324099465450888
0.8	0.3886728	0.073450114802944	-0.338264397184758
0.85	0.41296485	0.0818298827481957	-0.351499116506604
0.9	0.4372569	0.090519850773738	-0.363803623416426
0.95	0.46154895	0.0994974221131472	-0.375177917914225
1	0.485841	0.108740	-0.385622
1.05	0.51053375	0.118308969949601	-0.389314735412368
1.1	0.5352265	0.12796126121401	-0.392370646044487
1.15	0.55991925	0.137681148838134	-0.394789731896356
1.2	0.584612	0.14745290786688	-0.396571992967977
1.25	0.60930475	0.157260813345156	-0.397717429259347
1.3	0.6339975	0.16708914031787	-0.398226040770469
1.35	0.65869025	0.176922163829929	-0.398097827501342
1.4	0.683383	0.18674415892624	-0.397332789451965
1.45	0.70807575	0.196539400651711	-0.395930926622339
1.5	0.7327685	0.20629216405125	-0.393892239012463
1.55	0.75746125	0.215986724169764	-0.391216726622339
1.6	0.782154	0.22560735605216	-0.387904389451965
1.65	0.80684675	0.235138334743346	-0.383955227501342
1.7	0.8315395	0.24456393528823	-0.379369240770469
1.75	0.85623225	0.253868432731719	-0.374146429259347
1.8	0.880925	0.26303610211872	-0.368286792967977
1.85	0.90561775	0.272051218494141	-0.361790331896356
1.9	0.9303105	0.28089805690289	-0.354657046044487
1.95	0.95500325	0.289560892389874	-0.346886935412368
2	0.979696	0.298024	-0.338480
2.05	1.0045376	0.306255128462544	-0.32417732024153
2.1	1.0293792	0.314128588959872	-0.309684112036584
2.15	1.0542208	0.321639648460528	-0.29500037538516
2.2	1.0790624	0.328783573933056	-0.28012611028726
2.25	1.103904	0.335555632346	-0.265061316742883
2.3	1.1287456	0.341951090667904	-0.249805994752029
2.35	1.1535872	0.347965215867312	-0.234360144314698
2.4	1.1784288	0.353593274912768	-0.21872376543089
2.45	1.2032704	0.358830534772816	-0.202896858100605
2.5	1.228112	0.363672262416	-0.186879422323844
2.55	1.2529536	0.368113724810864	-0.170671458100605
2.6	1.2777952	0.372150188925952	-0.15427296543089
2.65	1.3026368	0.375776921729808	-0.137683944314698
2.7	1.3274784	0.378989190190976	-0.120904394752029
2.75	1.35232	0.381782261278	-0.103934316742883
2.8	1.3771616	0.384151401959424	-0.08677371028726
2.85	1.4020032	0.386091879203792	-0.0694225753851603
2.9	1.4268448	0.387598959979648	-0.0518809120365837
2.95	1.4516864	0.388667911255536	-0.0341487202415303
3	1.476528	0.389294	-0.016226
3.05	1.49962145	0.389460484869981	0.00175404778432303
3.1	1.5227149	0.389215461100257	0.0194125589597699
3.15	1.54580835	0.388566354080429	0.0367495335263407
3.2	1.5689018	0.387520589200096	0.0537649714840355
3.25	1.59199525	0.386085591848859	0.0704588728328541
3.3	1.6150887	0.384268787416319	0.0868312375727965
3.35	1.63818215	0.382077601292075	0.102882065703863
3.4	1.6612756	0.379519458865728	0.118611357226053
3.45	1.68436905	0.376601785526878	0.134019112139367
3.5	1.7074625	0.373332006665125	0.149105330443805
3.55	1.73055595	0.36971754767007	0.163870012139367
3.6	1.7536494	0.365765833931312	0.178313157226053
3.65	1.77674285	0.361484290838452	0.192434765703863
3.7	1.7998363	0.356880343781091	0.206234837572796
3.75	1.82292975	0.351961418148828	0.219713372832854
3.8	1.8460232	0.346734939331264	0.232870371484035
3.85	1.86911665	0.341208332717999	0.245705833526341
3.9	1.8922101	0.335389023698633	0.25821975895977
3.95	1.91530355	0.329284437662767	0.270412147784323
4	1.938397	0.322902	0.282283
4.05	1.96170075	0.316213834365338	0.291590706390602
4.1	1.9850045	0.30931752991995	0.300146117371668
4.15	2.00830825	0.302230617967988	0.307949232943196
4.2	2.031612	0.2949706298136	0.315000053105187
4.25	2.05491575	0.287555096760937	0.321298577857641
4.3	2.0782195	0.28000155011415	0.326844807200558
4.35	2.10152325	0.272327521177388	0.331638741133937
4.4	2.124827	0.2645505412548	0.33568037965778
4.45	2.14813075	0.256688141650537	0.338969722772086
4.5	2.1714345	0.24875785366875	0.341506770476854
4.55	2.19473825	0.240777208613588	0.343291522772086
4.6	2.218042	0.2327637377892	0.34432397965778
4.65	2.24134575	0.224734972499738	0.344604141133938
4.7	2.2646495	0.21670844404935	0.344132007200558
4.75	2.28795325	0.208701683742188	0.342907577857641
4.8	2.311257	0.2007322228824	0.340930853105187
4.85	2.33456075	0.192817592774138	0.338201832943196
4.9	2.3578645	0.18497532472155	0.334720517371668
4.95	2.38116825	0.177222950028788	0.330486906390602
5	2.404472	0.169578	0.325501
5.05	2.4277894	0.162075055841797	0.317895847802521
5.1	2.4511068	0.154760084031812	0.309378074783724
5.15	2.4744242	0.147654364514786	0.299947680943609
5.2	2.4977416	0.140779177235456	0.289604666282176
5.25	2.521059	0.134155802138563	0.278349030799424
5.3	2.5443764	0.127805519168844	0.266180774495355
5.35	2.5676938	0.12174960827104	0.253099897369968
5.4	2.5910112	0.116009349389888	0.239106399423263
5.45	2.6143286	0.110606022470129	0.22420028065524
5.5	2.637646	0.1055609074565	0.208381541065899
5.55	2.6609634	0.100895284293742	0.19165018065524
5.6	2.6842808	0.096630432926592	0.174006199423263
5.65	2.7075982	0.0927876332997905	0.155449597369968
5.7	2.7309156	0.089388165358076	0.135980374495355
5.75	2.754233	0.0864533090461875	0.115598530799424
5.8	2.7775504	0.084004344308864	0.0943040662821755
5.85	2.8008678	0.0820625510908445	0.0720969809436086
5.9	2.8241852	0.080649209336868	0.0489772747837237
5.95	2.8475026	0.0797855989916735	0.0249449478025208
6	2.870820	0.079493	0.000000