0	0.000000	0.000000	0.000000
0.05	0.02341105	0.0003603360398335	-0.0306839324836135
0.1	0.0468221	0.001432028150948	-0.0607709668110572
0.15	0.07023315	0.0032011023207645	-0.090261102982331
0.2	0.0936442	0.005653584536704	-0.119154340997435
0.25	0.11705525	0.0087755007861875	-0.147450680856369
0.3	0.1404663	0.012552877056636	-0.175150122559133
0.35	0.16387735	0.0169717393354705	-0.202252666105728
0.4	0.1872884	0.022018113610112	-0.228758311496152
0.45	0.21069945	0.0276780258679815	-0.254667058730407
0.5	0.2341105	0.0339375020965	-0.279978907808492
0.55	0.25752155	0.0407825682830885	-0.304693858730407
0.6	0.2809326	0.048199250415168	-0.328811911496152
0.65	0.30434365	0.0561735744801595	-0.352333066105728
0.7	0.3277547	0.064691566465484	-0.375257322559133
0.75	0.35116575	0.0737392523585625	-0.397584680856369
0.8	0.3745768	0.083302658146816	-0.419315140997435
0.85	0.39798785	0.0933678098176655	-0.440448702982331
0.9	0.4213989	0.103920733358532	-0.460985366811057
0.95	0.44480995	0.114947454756836	-0.480925132483613
1	0.468221	0.126434	-0.500268
1.05	0.49146275	0.138185706268262	-0.510749985499693
1.1	0.5147045	0.1501642764069	-0.519790098841524
1.15	0.53794625	0.162336198783687	-0.527388340025493
1.2	0.561188	0.1746679617664	-0.533544709051599
1.25	0.58442975	0.187126053722812	-0.538259205919843
1.3	0.6076715	0.1996769630207	-0.541531830630224
1.35	0.63091325	0.212287178027837	-0.543362583182742
1.4	0.654155	0.224923187112	-0.543751463577398
1.45	0.67739675	0.237551478640962	-0.542698471814192
1.5	0.7006385	0.2501385409825	-0.540203607893123
1.55	0.72388025	0.262650862504388	-0.536266871814192
1.6	0.747122	0.2750549315744	-0.530888263577398
1.65	0.77036375	0.287317236560312	-0.524067783182742
1.7	0.7936055	0.2994042658299	-0.515805430630224
1.75	0.81684725	0.311282507750937	-0.506101205919843
1.8	0.840089	0.3229184506912	-0.494955109051599
1.85	0.86333075	0.334278583018462	-0.482367140025493
1.9	0.8865725	0.3453293931005	-0.468337298841524
1.95	0.90981425	0.356037369305088	-0.452865585499694
2	0.933056	0.366369	-0.435952
2.05	0.95603985	0.376181903582439	-0.41786728399077
2.1	0.9790237	0.38557389232125	-0.399324990719353
2.15	1.00200755	0.394534449329276	-0.38032512018575
2.2	1.0249914	0.40305305771936	-0.360867672389961
2.25	1.04797525	0.411119200604344	-0.340952647331985
2.3	1.0709591	0.41872236109707	-0.320580045011824
2.35	1.09394295	0.425852022310381	-0.299749865429476
2.4	1.1169268	0.43249766735712	-0.278462108584941
2.45	1.13991065	0.438648779350129	-0.256716774478221
2.5	1.1628945	0.44429484140225	-0.234513863109314
2.55	1.18587835	0.449425336626326	-0.211853374478221
2.6	1.2088622	0.4540297481352	-0.188735308584941
2.65	1.23184605	0.458097559041714	-0.165159665429476
2.7	1.2548299	0.46161825245871	-0.141126445011824
2.75	1.27781375	0.464581311499031	-0.116635647331985
2.8	1.3007976	0.46697621927552	-0.0916872723899608
2.85	1.32378145	0.468792458901019	-0.0662813201857501
2.9	1.3467653	0.47001951348837	-0.0404177907193529
2.95	1.36974915	0.470646866150416	-0.0140966839907696
3	1.392733	0.470664	0.012682
3.05	1.4178607	0.469987115689704	0.0410819537197495
3.1	1.4429884	0.46860501822445	0.0688123386268938
3.15	1.4681161	0.466534532328491	0.095873154721433
3.2	1.4932438	0.46379248272608	0.122264402003367
3.25	1.5183715	0.460395694141469	0.147986080472696
3.3	1.5434992	0.45636099129891	0.173038190129419
3.35	1.5686269	0.451705198922656	0.197420730973537
3.4	1.5937546	0.44644514173696	0.22113370300505
3.45	1.6188823	0.440597644466074	0.244177106223958
3.5	1.64401	0.43417953183425	0.266550940630261
3.55	1.6691377	0.427207628565741	0.288255206223958
3.6	1.6942654	0.4196987593848	0.30928990300505
3.65	1.7193931	0.411669749015679	0.329655030973537
3.7	1.7445208	0.40313742218263	0.349350590129419
3.75	1.7696485	0.394118603609906	0.368376580472696
3.8	1.7947762	0.38463011802176	0.386733002003367
3.85	1.8199039	0.374688790142444	0.404419854721433
3.9	1.8450316	0.36431144469621	0.421437138626894
3.95	1.8701593	0.353514906407311	0.43778485371975
4	1.895287	0.342316	0.453463
4.05	1.92023915	0.330824932713856	0.467361078429264
4.1	1.9451913	0.31900386062116	0.47991401176071
4.15	1.97014345	0.306886347984164	0.491121799994339
4.2	1.9950956	0.29450595906512	0.500984443130151
4.25	2.02004775	0.281896258126281	0.509501941168146
4.3	2.0449999	0.2690908094299	0.516674294108323
4.35	2.06995205	0.256123177238229	0.522501501950683
4.4	2.0949042	0.24302692581352	0.526983564695227
4.45	2.11985635	0.229835619418026	0.530120482341952
4.5	2.1448085	0.216582822314	0.531912254890861
4.55	2.16976065	0.203302098763694	0.532358882341952
4.6	2.1947128	0.19002701302936	0.531460364695227
4.65	2.21966495	0.176791129373251	0.529216701950683
4.7	2.2446171	0.16362801205762	0.525627894108323
4.75	2.26956925	0.150571225344719	0.520693941168146
4.8	2.2945214	0.1376543334968	0.514414843130151
4.85	2.31947355	0.124910900776116	0.506790599994339
4.9	2.3444257	0.11237449144492	0.49782121176071
4.95	2.36937785	0.100078669765464	0.487506678429264
5	2.394330	0.088057	0.475847
5.05	2.4193553	0.0763546421789872	0.459268600086642
5.1	2.4443806	0.065076665434858	0.44193083700627
5.15	2.4694059	0.0542420730586757	0.423833710758882
5.2	2.4944312	0.043869868341504	0.404977221344479
5.25	2.5194565	0.0339790545744062	0.385361368763062
5.3	2.5444818	0.024588635048446	0.364986153014629
5.35	2.5695071	0.0157176130546867	0.343851574099182
5.4	2.5945324	0.00738499188419198	0.321957632016719
5.45	2.6195577	-0.000390225171974762	0.299304326767241
5.5	2.644583	-0.00758903482275002	0.275891658350749
5.55	2.6696083	-0.0141924337770703	0.251719626767241
5.6	2.6946336	-0.020181418743872	0.226788232016719
5.65	2.7196589	-0.0255369864320918	0.201097474099182
5.7	2.7446842	-0.030240133550666	0.174647353014629
5.75	2.7697095	-0.0342718568085313	0.147437868763062
5.8	2.7947348	-0.037613152914624	0.119469021344479
5.85	2.8197601	-0.0402450185778808	0.090740810758882
5.9	2.8447854	-0.042148450507238	0.0612532370062696
5.95	2.8698107	-0.0433044454116323	0.0310063000866423
6	2.894836	-0.043694	0.000000