0	0.000000	0.000000	0.000000
0.05	0.0302689	0.00031735494863325	-0.0209231441467893
0.1	0.0605378	0.001263862436926	-0.041570888909706
0.15	0.0908067	0.00283118642846775	-0.0619432342887502
0.2	0.1210756	0.005010990886848	-0.0820401802839218
0.25	0.1513445	0.00779493977565625	-0.101861726895221
0.3	0.1816134	0.011174697058482	-0.121407874122647
0.35	0.2118823	0.0151419266989147	-0.140678621966201
0.4	0.2421512	0.019688292660544	-0.159673970425883
0.45	0.2724201	0.0248054589069592	-0.178393919501692
0.5	0.302689	0.03048508940175	-0.196838469193628
0.55	0.3329579	0.0367188481085058	-0.215007619501692
0.6	0.3632268	0.043498398990816	-0.232901370425883
0.65	0.3934957	0.0508154060122702	-0.250519721966201
0.7	0.4237646	0.058661533136458	-0.267862674122647
0.75	0.4540335	0.0670284443269688	-0.284930226895221
0.8	0.4843024	0.075907803547392	-0.301722380283922
0.85	0.5145713	0.0852912747613172	-0.31823913428875
0.9	0.5448402	0.095170521932334	-0.334480488909706
0.95	0.5751091	0.105537209024032	-0.350446444146789
1	0.605378	0.116383	-0.366137
1.05	0.6358257	0.127688574189757	-0.376360489792529
1.1	0.6662734	0.139294007450996	-0.385833664870056
1.15	0.6967211	0.151176454426369	-0.394556525232579
1.2	0.7271688	0.163313069758528	-0.402529070880099
1.25	0.7576165	0.175681008090125	-0.409751301812616
1.3	0.7880642	0.188257424063812	-0.41622321803013
1.35	0.8185119	0.201019472322241	-0.421944819532641
1.4	0.8489596	0.213944307508064	-0.426916106320149
1.45	0.8794073	0.227009084263933	-0.431137078392654
1.5	0.909855	0.2401909572325	-0.434607735750155
1.55	0.9403027	0.253467081056417	-0.437328078392653
1.6	0.9707504	0.266814610378336	-0.439298106320149
1.65	1.0011981	0.280210699840909	-0.440517819532641
1.7	1.0316458	0.293632504086788	-0.44098721803013
1.75	1.0620935	0.307057177758625	-0.440706301812616
1.8	1.0925412	0.320461875499072	-0.439675070880099
1.85	1.1229889	0.333823751950781	-0.437893525232579
1.9	1.1534366	0.347119961756404	-0.435361664870056
1.95	1.1838843	0.360327659558593	-0.43207948979253
2	1.214332	0.373424	-0.428047
2.05	1.2447761	0.386258855408666	-0.414985329848526
2.1	1.2752202	0.398683009232504	-0.401066298660364
2.15	1.3056643	0.410670359886378	-0.386289906435516
2.2	1.3361084	0.422194805785152	-0.370656153173981
2.25	1.3665525	0.433230245343687	-0.354165038875759
2.3	1.3969966	0.443750576976848	-0.33681656354085
2.35	1.4274407	0.453729699099497	-0.318610727169255
2.4	1.4578848	0.463141510126496	-0.299547529760972
2.45	1.4883289	0.47195990847271	-0.279626971316002
2.5	1.518773	0.480158792553	-0.258849051834346
2.55	1.5492171	0.487712060782231	-0.237213771316002
2.6	1.5796612	0.494593611575264	-0.214721129760972
2.65	1.6101053	0.500777343346964	-0.191371127169255
2.7	1.6405494	0.506237154512192	-0.16716376354085
2.75	1.6709935	0.510946943485812	-0.142099038875759
2.8	1.7014376	0.514880608682688	-0.116176953173981
2.85	1.7318817	0.518012048517682	-0.0893975064355163
2.9	1.7623258	0.520315161405656	-0.0617606986603644
2.95	1.7927699	0.521763845761474	-0.0332665298485257
3	1.823214	0.522332	-0.003915
3.05	1.8539653	0.521988134594618	0.0261851637202655
3.1	1.8847166	0.520727333000084	0.0557206049436609
3.15	1.9154679	0.518566961167316	0.0846913236701863
3.2	1.9462192	0.515524385047232	0.113097319899842
3.25	1.9769705	0.51161697059075	0.140938593632627
3.3	2.0077218	0.506862083748788	0.168215144868542
3.35	2.0384731	0.501277090472264	0.194926973607587
3.4	2.0692244	0.494879356712096	0.221074079849762
3.45	2.0999757	0.487686248419202	0.246656463595068
3.5	2.130727	0.4797151315445	0.271674124843503
3.55	2.1614783	0.470983372038908	0.296127063595068
3.6	2.1922296	0.461508335853344	0.320015279849762
3.65	2.2229809	0.451307388938726	0.343338773607587
3.7	2.2537322	0.440397897245972	0.366097544868542
3.75	2.2844835	0.428797226726	0.388291593632627
3.8	2.3152348	0.416522743329728	0.409920919899842
3.85	2.3459861	0.403591813008074	0.430985523670186
3.9	2.3767374	0.390021801711956	0.451485404943661
3.95	2.4074887	0.375830075392292	0.471420563720265
4	2.438240	0.361034	0.490791
4.05	2.4692074	0.345664655161106	0.501585744222747
4.1	2.5001748	0.329983111426204	0.510954068000995
4.15	2.5311422	0.314033541327769	0.518895971334742
4.2	2.5621096	0.297860117398272	0.52541145422399
4.25	2.593077	0.281507012170188	0.530500516668739
4.3	2.6240444	0.265018398175988	0.534163158668987
4.35	2.6550118	0.248438447948147	0.536399380224736
4.4	2.6859792	0.231811334019136	0.537209181335986
4.45	2.7169466	0.21518122892143	0.536592562002735
4.5	2.747914	0.1985923051875	0.534549522224985
4.55	2.7788814	0.182088735349821	0.531080062002735
4.6	2.8098488	0.165714691940864	0.526184181335986
4.65	2.8408162	0.149514347493103	0.519861880224736
4.7	2.8717836	0.133531874539012	0.512113158668987
4.75	2.902751	0.117811445611062	0.502938016668739
4.8	2.9337184	0.102397233241728	0.49233645422399
4.85	2.9646858	0.0873334099634815	0.480308471334742
4.9	2.9956532	0.072664148308796	0.466854068000995
4.95	3.0266206	0.0584336208101445	0.451973244222747
5	3.057588	0.044686	0.435666
5.05	3.08858695	0.0315519425829933	0.411758511326682
5.1	3.1195859	0.019155526547866	0.388074621461082
5.15	3.15058485	0.00748982056635776	0.364614330403199
5.2	3.1815838	-0.00345210668979199	0.341377638153034
5.25	3.21258275	-0.0136771865488437	0.318364544710587
5.3	3.2435817	-0.023192350339058	0.295575050075857
5.35	3.27458065	-0.0320045293886952	0.273009154248846
5.4	3.3055796	-0.040120655026016	0.250666857229551
5.45	3.33657855	-0.0475476585792807	0.228548159017975
5.5	3.3675775	-0.05429247137675	0.206653059614116
5.55	3.39857645	-0.0603620247466843	0.184981559017975
5.6	3.4295754	-0.065763250017344	0.163533657229551
5.65	3.46057435	-0.0705030785169898	0.142309354248846
5.7	3.4915733	-0.074588441573882	0.121308650075858
5.75	3.52257225	-0.0780262705162812	0.100531544710587
5.8	3.5535712	-0.080823496672448	0.0799780381530343
5.85	3.58457015	-0.0829870513706428	0.0596481304031993
5.9	3.6155691	-0.084523865939126	0.0395418214610818
5.95	3.64656805	-0.0854408717061583	0.0196591113266822
6	3.677567	-0.085745	0.000000