0	0.000000	0.000000	0.000000
0.05	0.0261792	0.000430675798248	-0.0328350913283828
0.1	0.0523584	0.001715682498624	-0.0652679151485148
0.15	0.0785376	0.003844489059576	-0.097298471460396
0.2	0.1047168	0.006806564439552	-0.128926760264026
0.25	0.130896	0.010591377597	-0.160152781559406
0.3	0.1570752	0.015188397490368	-0.190976535346535
0.35	0.1832544	0.020587093078104	-0.221398021625412
0.4	0.2094336	0.026776933318656	-0.25141724039604
0.45	0.2356128	0.033747387170472	-0.281034191658416
0.5	0.261792	0.041487923592	-0.310248875412541
0.55	0.2879712	0.049988011541688	-0.339061291658416
0.6	0.3141504	0.059237119977984	-0.36747144039604
0.65	0.3403296	0.069224717859336	-0.395479321625412
0.7	0.3665088	0.079940274144192	-0.423084935346535
0.75	0.392688	0.091373257791	-0.450288281559406
0.8	0.4188672	0.103513137758208	-0.477089360264026
0.85	0.4450464	0.116349383004264	-0.503488171460396
0.9	0.4712256	0.129871462487616	-0.529484715148515
0.95	0.4974048	0.144068845166712	-0.555078991328383
1	0.523584	0.158931	-0.580271
1.05	0.5499726	0.174408597306761	-0.59254231550914
1.1	0.5763612	0.190191137982332	-0.603382750438371
1.15	0.6027498	0.20624086309144	-0.612792304787692
1.2	0.6291384	0.222520013698816	-0.620770978557104
1.25	0.655527	0.238990830869187	-0.627318771746607
1.3	0.6819156	0.255615555667284	-0.632435684356199
1.35	0.7083042	0.272356429157834	-0.636121716385883
1.4	0.7346928	0.289175692405568	-0.638376867835657
1.45	0.7610814	0.306035586475213	-0.639201138705521
1.5	0.78747	0.3228983524315	-0.638594528995476
1.55	0.8138586	0.339726231339157	-0.636557038705521
1.6	0.8402472	0.356481464262912	-0.633088667835657
1.65	0.8666358	0.373126292267495	-0.628189416385883
1.7	0.8930244	0.389622956417636	-0.6218592843562
1.75	0.919413	0.405933697778063	-0.614098271746607
1.8	0.9458016	0.422020757413504	-0.604906378557104
1.85	0.9721902	0.43784637638869	-0.594283604787693
1.9	0.9985788	0.453372795768348	-0.582229950438371
1.95	1.0249674	0.468562256617209	-0.568745415509141
2	1.051356	0.483377	-0.553830
2.05	1.0777555	0.497697417744227	-0.530993700542908
2.1	1.104155	0.51140887198302	-0.507695527344457
2.15	1.1305545	0.524499169480543	-0.483935480404648
2.2	1.156954	0.53695611700096	-0.45971355972348
2.25	1.1833535	0.548767521308438	-0.435029765300953
2.3	1.209753	0.55992118916714	-0.409884097137067
2.35	1.2361525	0.570404927341232	-0.384276555231823
2.4	1.262552	0.58020654259488	-0.358207139585219
2.45	1.2889515	0.589313841692248	-0.331675850197258
2.5	1.315351	0.5977146313975	-0.304682687067937
2.55	1.3417505	0.605396718474802	-0.277227650197258
2.6	1.36815	0.61234790968832	-0.24931073958522
2.65	1.3945495	0.618556011802218	-0.220931955231823
2.7	1.420949	0.62400883158066	-0.192091297137067
2.75	1.4473485	0.628694175787813	-0.162788765300953
2.8	1.473748	0.63259985118784	-0.13302435972348
2.85	1.5001475	0.635713664544908	-0.102798080404648
2.9	1.526547	0.63802342262318	-0.0721099273444573
2.95	1.5529465	0.639516932186823	-0.040959900542908
3	1.579346	0.640182	-0.009348
3.05	1.6037118	0.640052804239243	0.019849842799785
3.1	1.6280776	0.639219696841064	0.0484306600416979
3.15	1.6524434	0.637697712126801	0.0763944517257386
3.2	1.6768092	0.635501884417792	0.103741217851907
3.25	1.701175	0.632647248035375	0.130470958420204
3.3	1.7255408	0.629148837300888	0.156583673430628
3.35	1.7499066	0.625021686535669	0.182079362883181
3.4	1.7742724	0.620280830061056	0.206958026777861
3.45	1.7986382	0.614941302198387	0.231219665114669
3.5	1.823004	0.609018137269	0.254864277893605
3.55	1.8473698	0.602526369594233	0.277891865114669
3.6	1.8717356	0.595481033495424	0.300302426777861
3.65	1.8961014	0.587897163293911	0.322095962883181
3.7	1.9204672	0.579789793311032	0.343272473430628
3.75	1.944833	0.571173957868125	0.363831958420204
3.8	1.9691988	0.562064691286528	0.383774417851907
3.85	1.9935646	0.552477027887579	0.403099851725739
3.9	2.0179304	0.542426001992616	0.421808260041698
3.95	2.0422962	0.531926647922977	0.439899642799785
4	2.066662	0.520994	0.457374
4.05	2.09139375	0.509497728101672	0.472057604679081
4.1	2.1161255	0.497656526086225	0.485267708865628
4.15	2.14085725	0.485506836199466	0.49700431255964
4.2	2.165589	0.4730851006872	0.507267415761117
4.25	2.19032075	0.460427761795234	0.516057018470058
4.3	2.2150525	0.447571261769375	0.523373120686465
4.35	2.23978425	0.434552042855428	0.529215722410338
4.4	2.264516	0.4214065472992	0.533584823641675
4.45	2.28924775	0.408171217346497	0.536480424380477
4.5	2.3139795	0.394882495243125	0.537902524626745
4.55	2.33871125	0.381576823234891	0.537851124380477
4.6	2.363443	0.3682906435676	0.536326223641675
4.65	2.38817475	0.355060398487059	0.533327822410338
4.7	2.4129065	0.341922530239075	0.528855920686465
4.75	2.43763825	0.328913481069453	0.522910518470058
4.8	2.46237	0.316069693224	0.515491615761117
4.85	2.48710175	0.303427608948522	0.50659921255964
4.9	2.5118335	0.291023670488825	0.496233308865628
4.95	2.53656525	0.278894320090716	0.484393904679081
5	2.561297	0.267076	0.471081
5.05	2.5860217	0.255657376398368	0.452493119979828
5.1	2.6107464	0.244704795030866	0.433382485224937
5.15	2.6354711	0.234231180851483	0.413749095735327
5.2	2.6601958	0.224249458814208	0.393592951510999
5.25	2.6849205	0.214772553873031	0.372914052551952
5.3	2.7096452	0.205813390981942	0.351712398858186
5.35	2.7343699	0.19738489509493	0.329987990429702
5.4	2.7590946	0.189499991165984	0.307740827266499
5.45	2.7838193	0.182171604149094	0.284970909368577
5.5	2.808544	0.17541265899825	0.261678236735936
5.55	2.8332687	0.169236080667441	0.237862809368577
5.6	2.8579934	0.163654794110656	0.213524627266499
5.65	2.8827181	0.158681724281885	0.188663690429702
5.7	2.9074428	0.154329796135118	0.163279998858186
5.75	2.9321675	0.150611934624344	0.137373552551952
5.8	2.9568922	0.147541064703552	0.110944351510999
5.85	2.9816169	0.145130111326732	0.0839923957353274
5.9	3.0063416	0.143391999447874	0.0565176852249369
5.95	3.0310663	0.142339654020967	0.0285202199798279
6	3.055791	0.141986	0.000000