0	0.000000	0.000000	0.000000
0.05	0.024112	0.00012612149616	-0.0105227586131387
0.1	0.048224	0.00051041303808	-0.0214142373722628
0.15	0.072336	0.00116176520592	-0.0326744362773723
0.2	0.096448	0.00208906857984	-0.0443033553284672
0.25	0.12056	0.00330121374	-0.0563009945255475
0.3	0.144672	0.00480709126656	-0.0686673538686132
0.35	0.168784	0.00661559173968	-0.0814024333576643
0.4	0.192896	0.00873560573952	-0.0945062329927008
0.45	0.217008	0.01117602384624	-0.107978752773723
0.5	0.24112	0.01394573664	-0.12181999270073
0.55	0.265232	0.01705363470096	-0.136029952773723
0.6	0.289344	0.02050860860928	-0.150608632992701
0.65	0.313456	0.02431954894512	-0.165556033357664
0.7	0.337568	0.02849534628864	-0.180872153868613
0.75	0.36168	0.03304489122	-0.196556994525547
0.8	0.385792	0.03797707431936	-0.212610555328467
0.85	0.409904	0.04330078616688	-0.229032836277372
0.9	0.434016	0.04902491734272	-0.245823837372263
0.95	0.458128	0.05515835842704	-0.262983558613139
1	0.482240	0.061710	-0.280512
1.05	0.50613825	0.0685232550184731	-0.289574934998666
1.1	0.5300365	0.075545808495435	-0.29802779789221
1.15	0.55393475	0.0827630807751994	-0.30587058868063
1.2	0.577833	0.09016049220208	-0.313103307363928
1.25	0.60173125	0.0977234631203906	-0.319725953942104
1.3	0.6256295	0.105437413874445	-0.325738528415156
1.35	0.64952775	0.113287764808557	-0.331141030783086
1.4	0.673426	0.12125993626704	-0.335933461045893
1.45	0.69732425	0.129339348594208	-0.340115819203577
1.5	0.7212225	0.137511422134375	-0.343688105256138
1.55	0.74512075	0.145761577231854	-0.346650319203577
1.6	0.769019	0.15407523423096	-0.349002461045893
1.65	0.79291725	0.162437813476006	-0.350744530783086
1.7	0.8168155	0.170834735311305	-0.351876528415156
1.75	0.84071375	0.179251420081172	-0.352398453942104
1.8	0.864612	0.18767328812992	-0.352310307363928
1.85	0.88851025	0.196085759801863	-0.35161208868063
1.9	0.9124085	0.204474255441315	-0.35030379789221
1.95	0.93630675	0.212824195392589	-0.348385434998666
2	0.960205	0.221121	-0.345857
2.05	0.9839269	0.229252165566372	-0.339645147284377
2.1	1.0076488	0.237233220948574	-0.333201168538819
2.15	1.0313707	0.245058659676137	-0.326525063763326
2.2	1.0550926	0.252722975278592	-0.3196168329579
2.25	1.0788145	0.260220661285469	-0.312476476122539
2.3	1.1025364	0.267546211226298	-0.305103993257243
2.35	1.1262583	0.27469411863061	-0.297499384362014
2.4	1.1499802	0.281658877027936	-0.289662649436849
2.45	1.1737021	0.288434979947806	-0.281593788481751
2.5	1.197424	0.29501692091975	-0.273292801496718
2.55	1.2211459	0.301399193473299	-0.264759688481751
2.6	1.2448678	0.307576291137984	-0.255994449436849
2.65	1.2685897	0.313542707443335	-0.246997084362014
2.7	1.2923116	0.319292935918882	-0.237767593257243
2.75	1.3160335	0.324821470094156	-0.228305976122539
2.8	1.3397554	0.330122803498688	-0.2186122329579
2.85	1.3634773	0.335191429662008	-0.208686363763326
2.9	1.3871992	0.340021842113646	-0.198528368538819
2.95	1.4109211	0.344608534383133	-0.188138247284376
3	1.434643	0.348946	-0.177516
3.05	1.45856195	0.35301190603042	-0.162557532618159
3.1	1.4824809	0.356727190513989	-0.148198530223881
3.15	1.50639985	0.360106192023772	-0.134438992817165
3.2	1.5303188	0.363163249132832	-0.121278920398011
3.25	1.55423775	0.365912700414234	-0.108718312966419
3.3	1.5781567	0.368368884441043	-0.0967571705223892
3.35	1.60207565	0.370546139786322	-0.0853954930659216
3.4	1.6259946	0.372458805023136	-0.0746332805970162
3.45	1.64991355	0.374121218724549	-0.064470533115673
3.5	1.6738325	0.375547719463625	-0.0549072506218919
3.55	1.69775145	0.376752645813429	-0.0459434331156729
3.6	1.7216704	0.377750336347024	-0.0375790805970162
3.65	1.74558935	0.378555129637475	-0.0298141930659216
3.7	1.7695083	0.379181364257847	-0.0226487705223892
3.75	1.79342725	0.379643378781203	-0.0160828129664189
3.8	1.8173462	0.379955511780608	-0.0101163203980108
3.85	1.84126515	0.380132101829126	-0.00474929281716486
3.9	1.8651841	0.380187487499821	1.82697761189155e-05
3.95	1.88910305	0.380136007365758	0.00418636738184052
4	1.913022	0.379992	0.007755
4.05	1.93772035	0.379762547006652	0.0108156890347837
4.1	1.9624187	0.379458221871804	0.0138179265922217
4.15	1.98711705	0.379080468250502	0.0167617126723141
4.2	2.0118154	0.378630729797792	0.0196470472750609
4.25	2.03651375	0.378110450168719	0.022473930400462
4.3	2.0612121	0.377521073018328	0.0252423620485174
4.35	2.08591045	0.376864042001665	0.0279523422192272
4.4	2.1106088	0.376140800773776	0.0306038709125913
4.45	2.13530715	0.375352792989706	0.0331969481286098
4.5	2.1600055	0.3745014623045	0.0357315738672826
4.55	2.18470385	0.373588252373204	0.0382077481286098
4.6	2.2094022	0.372614606850864	0.0406254709125913
4.65	2.23410055	0.371581969392525	0.0429847422192272
4.7	2.2587989	0.370491783653232	0.0452855620485174
4.75	2.28349725	0.369345493288031	0.047527930400462
4.8	2.3081956	0.368144541951968	0.0497118472750609
4.85	2.33289395	0.366890373300088	0.0518373126723141
4.9	2.3575923	0.365584430987436	0.0539043265922217
4.95	2.38229065	0.364228158669058	0.0559128890347837
5	2.406989	0.362823	0.057863
5.05	2.4317488	0.361415416132571	0.0558211947683543
5.1	2.4565086	0.360059496382012	0.0536897742979345
5.15	2.4812684	0.358757459603711	0.0514687385887406
5.2	2.5060282	0.357511524653056	0.0491580876407725
5.25	2.530788	0.356323910385438	0.0467578214540303
5.3	2.5555478	0.355196835656244	0.0442679400285139
5.35	2.5803076	0.354132519320865	0.0416884433642234
5.4	2.6050674	0.353133180234688	0.0390193314611588
5.45	2.6298272	0.352201037253104	0.03626060431932
5.5	2.654587	0.3513383092315	0.0334122619387071
5.55	2.6793468	0.350547215025267	0.03047430431932
5.6	2.7041066	0.349829973489792	0.0274467314611588
5.65	2.7288664	0.349188803480465	0.0243295433642234
5.7	2.7536262	0.348625923852676	0.0211227400285139
5.75	2.778386	0.348143553461813	0.0178263214540303
5.8	2.8031458	0.347743911163264	0.0144402876407725
5.85	2.8279056	0.34742921581242	0.0109646385887406
5.9	2.8526654	0.347201686264668	0.00739937429793453
5.95	2.8774252	0.347063541375399	0.00374449476835434
6	2.902185	0.347017	0.000000