0	0.000000	0.000000	0.000000
0.05	0.0223188	0.000348348479994	-0.031072361841228
0.1	0.0446376	0.001380597397872	-0.0612846961202215
0.15	0.0669564	0.003077551970478	-0.0906370028369805
0.2	0.0892752	0.005420017414656	-0.119129281991505
0.25	0.111594	0.00838879894725	-0.146761533583795
0.3	0.1339128	0.011964701785104	-0.17353375761385
0.35	0.1562316	0.016128531145062	-0.199445954081671
0.4	0.1785504	0.020861092243968	-0.224498122987257
0.45	0.2008692	0.026143190298666	-0.248690264330609
0.5	0.223188	0.031955630526	-0.272022378111726
0.55	0.2455068	0.038279218142814	-0.294494464330609
0.6	0.2678256	0.045094758365952	-0.316106522987257
0.65	0.2901444	0.052383056412258	-0.336858554081671
0.7	0.3124632	0.060124917498576	-0.35675055761385
0.75	0.334782	0.06830114684175	-0.375782533583795
0.8	0.3571008	0.076892549658624	-0.393954481991505
0.85	0.3794196	0.085879931166042	-0.41126640283698
0.9	0.4017384	0.095244096580848	-0.427718296120221
0.95	0.4240572	0.104965851119886	-0.443310161841228
1	0.446376	0.115026	-0.458042
1.05	0.46876985	0.125357995960489	-0.464567087310986
1.1	0.4911637	0.135826446514161	-0.470228791747131
1.15	0.51355755	0.146412017194425	-0.475027113308436
1.2	0.5359514	0.157095373534688	-0.4789620519949
1.25	0.55834525	0.167857181068359	-0.482033607806524
1.3	0.5807391	0.178678105328847	-0.484241780743307
1.35	0.60313295	0.189538811849559	-0.485586570805249
1.4	0.6255268	0.200419966163904	-0.48606797799235
1.45	0.64792065	0.21130223380529	-0.485686002304611
1.5	0.6703145	0.222166280307125	-0.484440643742032
1.55	0.69270835	0.232992771202818	-0.482331902304611
1.6	0.7151022	0.243762372025776	-0.47935977799235
1.65	0.73749605	0.254455748309408	-0.475524270805249
1.7	0.7598899	0.265053565587123	-0.470825380743307
1.75	0.78228375	0.275536489392328	-0.465263107806524
1.8	0.8046776	0.285885185258432	-0.4588374519949
1.85	0.82707145	0.296080318718843	-0.451548413308436
1.9	0.8494653	0.306102555306969	-0.443395991747131
1.95	0.87185915	0.315932560556219	-0.434380187310986
2	0.894253	0.325551	-0.424501
2.05	0.9166438	0.334865654623503	-0.407436076625623
2.1	0.9390346	0.343793494305624	-0.389949760974865
2.15	0.9614254	0.352325083736181	-0.372042053047725
2.2	0.9838162	0.360450987604992	-0.353712952844204
2.25	1.006207	0.368161770601875	-0.334962460364301
2.3	1.0285978	0.375447997416648	-0.315790575608018
2.35	1.0509886	0.382300232739129	-0.296197298575352
2.4	1.0733794	0.388709041259136	-0.276182629266306
2.45	1.0957702	0.394664987666487	-0.255746567680878
2.5	1.118161	0.400158636651	-0.234889113819069
2.55	1.1405518	0.405180552902493	-0.213610267680878
2.6	1.1629426	0.409721301110784	-0.191910029266306
2.65	1.1853334	0.413771445965691	-0.169788398575352
2.7	1.2077242	0.417321552157032	-0.147245375608018
2.75	1.230115	0.420362184374625	-0.124280960364301
2.8	1.2525058	0.422883907308288	-0.100895152844204
2.85	1.2748966	0.424877285647839	-0.077087953047725
2.9	1.2972874	0.426332884083096	-0.0528593609748648
2.95	1.3196782	0.427241267303877	-0.0282093766256231
3	1.342069	0.427593	-0.003138
3.05	1.36444985	0.427374689840839	0.0225810996447912
3.1	1.3868307	0.426585166035303	0.0479068572217096
3.15	1.40921155	0.425233231913211	0.0728392727307552
3.2	1.4315924	0.423327690804384	0.0973783461719281
3.25	1.45397325	0.420877346038641	0.121524077545228
3.3	1.4763541	0.417891000945801	0.145276466850656
3.35	1.49873495	0.414377458855685	0.16863551408821
3.4	1.5211158	0.410345523098112	0.191601219257892
3.45	1.54349665	0.405803997002902	0.214173582359701
3.5	1.5658775	0.400761683899875	0.236352603393638
3.55	1.58825835	0.39522738711885	0.258138282359701
3.6	1.6106392	0.389209909989648	0.279530619257892
3.65	1.63302005	0.382718055842088	0.30052961408821
3.7	1.6554009	0.375760628005989	0.321135266850656
3.75	1.67778175	0.368346429811172	0.341347577545228
3.8	1.7001626	0.360484264587456	0.361166546171928
3.85	1.72254345	0.352182935664661	0.380592172730755
3.9	1.7449243	0.343451246372607	0.39962445722171
3.95	1.76730515	0.334298000041113	0.418263399644791
4	1.789686	0.324732	0.436509
4.05	1.81207855	0.314827902578017	0.447919230866996
4.1	1.8344711	0.304679075379428	0.458367142695361
4.15	1.85686365	0.294307067181421	0.467852735485094
4.2	1.8792562	0.283733426761184	0.476376009236197
4.25	1.90164875	0.272979702895906	0.483936963948668
4.3	1.9240413	0.262067444362776	0.490535599622508
4.35	1.94643385	0.251018199938982	0.496171916257717
4.4	1.9688264	0.239853518401712	0.500845913854295
4.45	1.99121895	0.228594948528155	0.504557592412242
4.5	2.0136115	0.2172640390955	0.507306951931558
4.55	2.03600405	0.205882338880935	0.509093992412242
4.6	2.0583966	0.194471396661648	0.509918713854295
4.65	2.08078915	0.183052761214828	0.509781116257717
4.7	2.1031817	0.171647981317664	0.508681199622508
4.75	2.12557425	0.160278605747344	0.506618963948668
4.8	2.1479668	0.148966183281056	0.503594409236197
4.85	2.17035935	0.137732262695989	0.499607535485094
4.9	2.1927519	0.126598392769332	0.49465834269536
4.95	2.21514445	0.115586122278273	0.488746830866995
5	2.237537	0.104717	0.481873
5.05	2.2598145	0.0941436422538563	0.467202639397655
5.1	2.282092	0.08390815227285	0.451540353595556
5.15	2.3043695	0.0740326276706188	0.434886142593705
5.2	2.326647	0.0645391660608	0.4172400063921
5.25	2.3489245	0.0554498650570313	0.398601944990742
5.3	2.371202	0.04678682227295	0.378971958389631
5.35	2.3934795	0.0385721353221938	0.358350046588767
5.4	2.415757	0.0308279018184	0.33673620958815
5.45	2.4380345	0.0235762193752063	0.314130447387779
5.5	2.460312	0.01683918560625	0.290532759987656
5.55	2.4825895	0.0106388981251687	0.265943147387779
5.6	2.504867	0.00499745454559999	0.24036160958815
5.65	2.5271445	-6.30475188187485e-05	0.213788146588767
5.7	2.549422	-0.00452051045445	0.186222758389631
5.75	2.5716995	-0.00835283664765626	0.157665444990742
5.8	2.593977	-0.0115379284848	0.1281162063921
5.85	2.6162545	-0.0140536883522438	0.0975750425937046
5.9	2.638532	-0.01587801863635	0.0660419535955561
5.95	2.6608095	-0.0169888217234813	0.0335169393976546
6	2.683087	-0.017364	0.000000