0	0.000000	0.000000	0.000000
0.05	0.0306604	0.000337308957894	-0.0221091271203898
0.1	0.0613208	0.001362262893072	-0.0448555777017913
0.15	0.0919812	0.003094402397778	-0.0682393517442043
0.2	0.1226416	0.005553268064256	-0.0922604492476289
0.25	0.153302	0.00875840048475	-0.116918870212065
0.3	0.1839624	0.012729340251504	-0.142214614637513
0.35	0.2146228	0.017485627956762	-0.168147682523972
0.4	0.2452832	0.023046804192768	-0.194718073871443
0.45	0.2759436	0.029432409551766	-0.221925788679926
0.5	0.306604	0.036661984626	-0.24977082694942
0.55	0.3372644	0.044755070007714	-0.278253188679926
0.6	0.3679248	0.053731206289152	-0.307372873871443
0.65	0.3985852	0.063609934062558	-0.337129882523972
0.7	0.4292456	0.074410793920176	-0.367524214637513
0.75	0.459906	0.08615332645425	-0.398555870212065
0.8	0.4905664	0.098857072257024	-0.430224849247629
0.85	0.5212268	0.112541571920742	-0.462531151744204
0.9	0.5518872	0.127226366037648	-0.495474777701791
0.95	0.5825476	0.142930995199986	-0.52905572712039
1	0.613208	0.159675	-0.563274
1.05	0.6437121	0.177238495341264	-0.587939634489856
1.1	0.6742162	0.195523629099512	-0.610588191664989
1.15	0.7047203	0.214468872146628	-0.631219671525401
1.2	0.7352244	0.234012695354496	-0.649834074071092
1.25	0.7657285	0.254093569595	-0.666431399302061
1.3	0.7962326	0.274649965740024	-0.681011647218308
1.35	0.8267367	0.295620354661452	-0.693574817819834
1.4	0.8572408	0.316943207231168	-0.704120911106638
1.45	0.8877449	0.338556994321056	-0.71264992707872
1.5	0.918249	0.360400186803	-0.719161865736081
1.55	0.9487531	0.382411255548884	-0.72365672707872
1.6	0.9792572	0.404528671430592	-0.726134511106638
1.65	1.0097613	0.426690905320008	-0.726595217819834
1.7	1.0402654	0.448836428089016	-0.725038847218308
1.75	1.0707695	0.4709037106095	-0.721465399302061
1.8	1.1012736	0.492831223753344	-0.715874874071092
1.85	1.1317777	0.514557438392432	-0.708267271525401
1.9	1.1622818	0.536020825398648	-0.698642591664989
1.95	1.1927859	0.557159855643876	-0.687000834489855
2	1.223290	0.577913	-0.673342
2.05	1.2535526	0.597949161844971	-0.650619283273513
2.1	1.2838152	0.617280236326488	-0.62674406304455
2.15	1.3140778	0.635871345692057	-0.601716339313113
2.2	1.3443404	0.653687612189184	-0.5755361120792
2.25	1.374603	0.670694158065375	-0.548203381342813
2.3	1.4048656	0.686856105568136	-0.51971814710395
2.35	1.4351282	0.702138576944973	-0.490080409362613
2.4	1.4653908	0.716506694443392	-0.4592901681188
2.45	1.4956534	0.729925580310899	-0.427347423372513
2.5	1.525916	0.742360356795	-0.39425217512375
2.55	1.5561786	0.753776146143201	-0.360004423372513
2.6	1.5864412	0.764138070603008	-0.3246041681188
2.65	1.6167038	0.773411252421927	-0.288051409362613
2.7	1.6469664	0.781560813847464	-0.25034614710395
2.75	1.677229	0.788551877127125	-0.211488381342813
2.8	1.7074916	0.794349564508416	-0.1714781120792
2.85	1.7377542	0.798918998238843	-0.130315339313113
2.9	1.7680168	0.802225300565912	-0.08800006304455
2.95	1.7982794	0.804233593737129	-0.0445322832735126
3	1.828542	0.804909	0.000088
3.05	1.8583557	0.804260344915758	0.0432458100521489
3.1	1.8881694	0.802341102697162	0.0853231190461768
3.15	1.9179831	0.799183487078609	0.126319926982084
3.2	1.9477968	0.794819711794496	0.16623623385987
3.25	1.9776105	0.789281990579219	0.205072039679535
3.3	2.0074242	0.782602537167174	0.242827344441079
3.35	2.0372379	0.774813565292758	0.279502148144502
3.4	2.0670516	0.765947288690368	0.315096450789805
3.45	2.0968653	0.7560359210944	0.349610252376986
3.5	2.126679	0.74511167623925	0.383043552906047
3.55	2.1564927	0.733206767859315	0.415396352376986
3.6	2.1863064	0.720353409688992	0.446668650789805
3.65	2.2161201	0.706583815462677	0.476860448144502
3.7	2.2459338	0.691930198914766	0.505971744441079
3.75	2.2757475	0.676424773779656	0.534002539679535
3.8	2.3055612	0.660099753791744	0.56095283385987
3.85	2.3353749	0.642987352685426	0.586822626982084
3.9	2.3651886	0.625119784195098	0.611611919046177
3.95	2.3950023	0.606529262055157	0.635320710052149
4	2.424816	0.587248	0.657949
4.05	2.4547752	0.567310680814226	0.672702509334094
4.1	2.4847344	0.546959509310928	0.685576728211968
4.15	2.5146936	0.526250787528742	0.696571656633622
4.2	2.5446528	0.505240817506304	0.705687294599055
4.25	2.574612	0.48398590128225	0.712923642108267
4.3	2.6045712	0.462542340895216	0.718280699161259
4.35	2.6345304	0.440966438383838	0.721758465758031
4.4	2.6644896	0.419314495786752	0.723356941898582
4.45	2.6944488	0.397642815142594	0.723076127582912
4.5	2.724408	0.37600769849	0.720916022811023
4.55	2.7543672	0.354465447867606	0.716876627582912
4.6	2.7843264	0.333072365314048	0.710957941898582
4.65	2.8142856	0.311884752867962	0.703159965758031
4.7	2.8442448	0.290958912567984	0.693482699161259
4.75	2.874204	0.27035114645275	0.681926142108267
4.8	2.9041632	0.250117756560896	0.668490294599054
4.85	2.9341224	0.230315044931058	0.653175156633621
4.9	2.9640816	0.210999313601872	0.635980728211968
4.95	2.9940408	0.192226864611974	0.616907009334094
5	3.024000	0.174054	0.595954
5.05	3.0541367	0.1565920910621	0.56294905153114
5.1	3.0842734	0.140119755202884	0.530281708164265
5.15	3.1144101	0.124626818118673	0.497951969899375
5.2	3.1445468	0.110103105505792	0.465959836736471
5.25	3.1746835	0.0965384430605625	0.434305308675552
5.3	3.2048202	0.083922656479308	0.402988385716618
5.35	3.2349569	0.0722455714583515	0.37200906785967
5.4	3.2650936	0.061497013694016	0.341367355104706
5.45	3.2952303	0.0516668088826245	0.311063247451728
5.5	3.325367	0.0427447827205	0.281096744900736
5.55	3.3555037	0.0347207609039655	0.251467847451728
5.6	3.3856404	0.027584569129344	0.222176555104706
5.65	3.4157771	0.0213260330929585	0.193222867859669
5.7	3.4459138	0.015934978491132	0.164606785716618
5.75	3.4760505	0.0114012310201875	0.136328308675552
5.8	3.5061872	0.00771461637644802	0.108387436736471
5.85	3.5363239	0.00486496025623648	0.0807841698993752
5.9	3.5664606	0.00284208835587599	0.0535185081642648
5.95	3.5965973	0.00163582637168952	0.0265904515311398
6	3.626734	0.001236	0.000000