0	0.000000	0.000000	0.000000
0.05	0.0234566	0.0003454537386725	-0.0292580953108081
0.1	0.0469132	0.00136336679918	-0.0573364700625837
0.15	0.0703698	0.0030260669482575	-0.0842351242553269
0.2	0.0938264	0.00530588195264	-0.109954057889038
0.25	0.117283	0.0081751395790625	-0.134493270963716
0.3	0.1407396	0.01160616759426	-0.157852763479362
0.35	0.1641962	0.0155712937649675	-0.180032535435975
0.4	0.1876528	0.02004284585792	-0.201032586833556
0.45	0.2111094	0.0249931516398525	-0.220852917672105
0.5	0.234566	0.0303945388775	-0.239493527951621
0.55	0.2580226	0.0362193353375975	-0.256954417672105
0.6	0.2814792	0.04243986878688	-0.273235586833556
0.65	0.3049358	0.0490284669920825	-0.288337035435975
0.7	0.3283924	0.05595745771994	-0.302258763479362
0.75	0.351849	0.0631991687371875	-0.315000770963716
0.8	0.3753056	0.07072592781056	-0.326563057889038
0.85	0.3987622	0.0785100627067925	-0.336945624255327
0.9	0.4222188	0.08652390119262	-0.346148470062584
0.95	0.4456754	0.0947397710347775	-0.354171595310808
1	0.469132	0.103130	-0.361015
1.05	0.49279495	0.11170074252499	-0.363302616500764
1.1	0.5164579	0.120319636285048	-0.365084757580395
1.15	0.54012085	0.128974720240558	-0.366361423238893
1.2	0.5637838	0.137654033351904	-0.367132613476257
1.25	0.58744675	0.146345614579469	-0.367398328292489
1.3	0.6111097	0.155037502883636	-0.367158567687588
1.35	0.63477265	0.163717737224789	-0.366413331661553
1.4	0.6584356	0.172374356563312	-0.365162620214386
1.45	0.68209855	0.180995399859588	-0.363406433346086
1.5	0.7057615	0.189568906074	-0.361144771056652
1.55	0.72942445	0.198082914166932	-0.358377633346086
1.6	0.7530874	0.206525463098768	-0.355105020214386
1.65	0.77675035	0.214884591829891	-0.351326931661553
1.7	0.8004133	0.223148339320684	-0.347043367687588
1.75	0.82407625	0.231304744531531	-0.342254328292489
1.8	0.8477392	0.239341846422816	-0.336959813476257
1.85	0.87140215	0.247247683954922	-0.331159823238893
1.9	0.8950651	0.255010296088232	-0.324854357580395
1.95	0.91872805	0.26261772178313	-0.318043416500764
2	0.942391	0.270058	-0.310727
2.05	0.9661517	0.277269151141572	-0.296237992205417
2.1	0.9899124	0.284134865737094	-0.281650706283948
2.15	1.0136731	0.290652808629477	-0.266965142235593
2.2	1.0374338	0.296820644661632	-0.252181300060352
2.25	1.0611945	0.302636038676469	-0.237299179758225
2.3	1.0849552	0.308096655516898	-0.222318781329212
2.35	1.1087159	0.31320016002583	-0.207240104773313
2.4	1.1324766	0.317944217046176	-0.192063150090528
2.45	1.1562373	0.322326491420846	-0.176787917280857
2.5	1.179998	0.32634464799275	-0.1614144063443
2.55	1.2037587	0.329996351604799	-0.145942617280857
2.6	1.2275194	0.333279267099904	-0.130372550090528
2.65	1.2512801	0.336191059320975	-0.114704204773313
2.7	1.2750408	0.338729393110922	-0.0989375813292117
2.75	1.2988015	0.340891933312656	-0.0830726797582247
2.8	1.3225622	0.342676344769088	-0.0671095000603517
2.85	1.3463229	0.344080292323128	-0.0510480422355928
2.9	1.3700836	0.345101440817686	-0.0348883062839478
2.95	1.3938443	0.345737455095673	-0.0186302922054169
3	1.417605	0.345986	-0.002274
3.05	1.4412675	0.345841220393937	0.014489486030111
3.1	1.46493	0.3453013056215	0.0311235840570523
3.15	1.4885925	0.344369317326313	0.0476282940808241
3.2	1.512255	0.343048317152	0.0640036161014264
3.25	1.5359175	0.341341366742188	0.080249550118859
3.3	1.55958	0.3392515277405	0.0963660961331221
3.35	1.5832425	0.336781861790563	0.112353254144216
3.4	1.606905	0.333935430536	0.12821102415214
3.45	1.6305675	0.330715295620437	0.143939406156894
3.5	1.65423	0.3271245186875	0.159538400158479
3.55	1.6778925	0.323166161380812	0.175008006156894
3.6	1.701555	0.318843285344	0.19034822415214
3.65	1.7252175	0.314158952220688	0.205559054144216
3.7	1.74888	0.3091162236545	0.220640496133122
3.75	1.7725425	0.303718161289062	0.235592550118859
3.8	1.796205	0.297967826768	0.250415216101426
3.85	1.8198675	0.291868281734938	0.265108494080824
3.9	1.84353	0.2854225878335	0.279672384057052
3.95	1.8671925	0.278633806707313	0.294106886030111
4	1.890855	0.271505	0.308412
4.05	1.91444875	0.264140468678125	0.315779425033113
4.1	1.9380425	0.2566082508	0.322626489536424
4.15	1.96163625	0.248920623621875	0.328953193509934
4.2	1.98523	0.2410898644	0.334759536953642
4.25	2.00882375	0.233128250390625	0.34004551986755
4.3	2.0324175	0.22504805885	0.344811142251656
4.35	2.05601125	0.216861567034375	0.34905640410596
4.4	2.079605	0.2085810522	0.352781305430464
4.45	2.10319875	0.200218791603125	0.355985846225165
4.5	2.1267925	0.1917870625	0.358670026490066
4.55	2.15038625	0.183298142146875	0.360833846225166
4.6	2.17398	0.1747643078	0.362477305430464
4.65	2.19757375	0.166197836715625	0.36360040410596
4.7	2.2211675	0.15761100615	0.364203142251656
4.75	2.24476125	0.149016093359375	0.36428551986755
4.8	2.268355	0.1404253756	0.363847536953642
4.85	2.29194875	0.131851130128125	0.362889193509934
4.9	2.3155425	0.1233056342	0.361410489536424
4.95	2.33913625	0.114801165071875	0.359411425033113
5	2.362730	0.106350	0.356892
5.05	2.38615275	0.0980647203860675	0.35036519474005
5.1	2.4095755	0.08994626880934	0.342647042665357
5.15	2.43299825	0.0820225498884225	0.333737543775923
5.2	2.456421	0.07432146824192	0.323636698071746
5.25	2.47984375	0.0668709284884375	0.312344505552828
5.3	2.5032665	0.05969883524658	0.299860966219167
5.35	2.52668925	0.0528330931349525	0.286186080070765
5.4	2.550112	0.04630160677216	0.27131984710762
5.45	2.57353475	0.0401322807768075	0.255262267329733
5.5	2.5969575	0.0343530197675	0.238013340737104
5.55	2.62038025	0.0289917283628425	0.219573067329733
5.6	2.643803	0.02407631118144	0.19994144710762
5.65	2.66722575	0.0196346728418975	0.179118480070765
5.7	2.6906485	0.01569471796282	0.157104166219167
5.75	2.71407125	0.0122843511628125	0.133898505552828
5.8	2.737494	0.00943147706047998	0.109501498071746
5.85	2.76091675	0.00716400027442748	0.083913143775923
5.9	2.7843395	0.00550982542326001	0.0571334426653574
5.95	2.80776225	0.00449685712558251	0.0291623947400498
6	2.831185	0.004153	0.000000