0	0.000000	0.000000	0.000000
0.05	0.03151825	0.000470024096351875	-0.0299969342156727
0.1	0.0630365	0.001901707101965	-0.0610223543033798
0.15	0.09455475	0.00432746509167562	-0.0930762602631214
0.2	0.126073	0.00777971414032	-0.126158652094897
0.25	0.15759125	0.0122908703227344	-0.160269529798708
0.3	0.1891095	0.017893349713755	-0.195408893374553
0.35	0.22062775	0.0246195683882181	-0.231576742822432
0.4	0.252146	0.03250194242096	-0.268773078142346
0.45	0.28366425	0.0415728878868169	-0.306997899334294
0.5	0.3151825	0.051864820860625	-0.346251206398277
0.55	0.34670075	0.0634101574172206	-0.386532999334294
0.6	0.378219	0.07624131363144	-0.427843278142346
0.65	0.40973725	0.0903907055781194	-0.470182042822432
0.7	0.4412555	0.105890749332095	-0.513549293374553
0.75	0.47277375	0.122773860968203	-0.557945029798708
0.8	0.504292	0.14107245656128	-0.603369252094898
0.85	0.53581025	0.160818952186162	-0.649821960263121
0.9	0.5673285	0.182045763917685	-0.69730315430338
0.95	0.59884675	0.204785307830686	-0.745812834215673
1	0.630365	0.229070	-0.795351
1.05	0.66175035	0.254573622641731	-0.829327621472976
1.1	0.6931357	0.281095199107165	-0.86021908805406
1.15	0.72452105	0.308537900730217	-0.888025399743252
1.2	0.7559064	0.3368048988448	-0.912746556540551
1.25	0.78729175	0.365799364784828	-0.934382558445959
1.3	0.8186771	0.395424469884215	-0.952933405459474
1.35	0.85006245	0.425583385476874	-0.968399097581097
1.4	0.8814478	0.45617928289672	-0.980779634810827
1.45	0.91283315	0.487115333477666	-0.990075017148666
1.5	0.9442185	0.518294708553625	-0.996285244594612
1.55	0.97560385	0.549620579458512	-0.999410317148666
1.6	1.0069892	0.58099611752624	-0.999450234810827
1.65	1.03837455	0.612324494090723	-0.996404997581097
1.7	1.0697599	0.643508880485875	-0.990274605459474
1.75	1.10114525	0.674452448045609	-0.981059058445959
1.8	1.1325306	0.70505836810384	-0.968758356540552
1.85	1.16391595	0.735229811994481	-0.953372499743252
1.9	1.1953013	0.764869951051445	-0.93490148805406
1.95	1.22668665	0.793881956608647	-0.913345321472976
2	1.258072	0.822169	-0.888704
2.05	1.2893606	0.849455386406998	-0.855274731508041
2.1	1.3206492	0.87567745817786	-0.820671896541552
2.15	1.3519378	0.900798496060593	-0.784895495100532
2.2	1.3832264	0.9247817808032	-0.747945527184981
2.25	1.414515	0.947590593153688	-0.7098219927949
2.3	1.4458036	0.96918821386006	-0.670524891930288
2.35	1.4770922	0.989537923670323	-0.630054224591145
2.4	1.5083808	1.00860300333248	-0.588409990777472
2.45	1.5396694	1.02634673359454	-0.545592190489268
2.5	1.570958	1.0427323952045	-0.501600823726533
2.55	1.6022466	1.05772326891037	-0.456435890489268
2.6	1.6335352	1.07128263546016	-0.410097390777472
2.65	1.6648238	1.08337377560187	-0.362585324591145
2.7	1.6961124	1.0939599700835	-0.313899691930288
2.75	1.727401	1.10300449965306	-0.2640404927949
2.8	1.7586896	1.11047064505856	-0.213007727184981
2.85	1.7899782	1.116321687048	-0.160801395100532
2.9	1.8212668	1.12052090636938	-0.107421496541552
2.95	1.8525554	1.12303158377071	-0.0528680315080413
3	1.883844	1.123817	0.002859
3.05	1.9138329	1.12292633446504	0.0562369245189471
3.1	1.9438218	1.12046225158681	0.107792314878005
3.15	1.9738107	1.11647940715997	0.157525171077174
3.2	2.0037996	1.1110324569792	0.205435493116453
3.25	2.0337885	1.10417605683916	0.251523280995844
3.3	2.0637774	1.09596486253451	0.295788534715345
3.35	2.0937663	1.08645352985993	0.338231254274957
3.4	2.1237552	1.07569671461008	0.37885143967468
3.45	2.1537441	1.06374907257963	0.417649090914514
3.5	2.183733	1.05066525956325	0.454624207994458
3.55	2.2137219	1.0364999313556	0.489776790914514
3.6	2.2437108	1.02130774375136	0.52310683967468
3.65	2.2736997	1.00514335254519	0.554614354274957
3.7	2.3036886	0.98806141353175	0.584299334715345
3.75	2.3336775	0.970116582505719	0.612161780995844
3.8	2.3636664	0.95136351526176	0.638201693116453
3.85	2.3936553	0.931856867594541	0.662419071077174
3.9	2.4236442	0.91165129529873	0.684813914878005
3.95	2.4536331	0.890801454168994	0.705386224518947
4	2.483622	0.869362	0.724136
4.05	2.5136426	0.847474200786015	0.733772658438656
4.1	2.5436632	0.825322020573044	0.741749305462716
4.15	2.5736838	0.802955293899759	0.748065941072181
4.2	2.6037044	0.780423855304832	0.75272256526705
4.25	2.633725	0.757777539326937	0.755719178047324
4.3	2.6637456	0.735066180504748	0.757055779413003
4.35	2.6937662	0.712339613376936	0.756732369364087
4.4	2.7237868	0.689647672482176	0.754748947900575
4.45	2.7538074	0.667040192359139	0.751105515022468
4.5	2.783828	0.6445670075465	0.745802070729766
4.55	2.8138486	0.62227795258293	0.738838615022468
4.6	2.8438692	0.600222862007104	0.730215147900575
4.65	2.8738898	0.578451570357693	0.719931669364087
4.7	2.9039104	0.557013912173372	0.707988179413003
4.75	2.933931	0.535959721992812	0.694384678047324
4.8	2.9639516	0.515338834354688	0.67912116526705
4.85	2.9939722	0.495201083797671	0.662197641072181
4.9	3.0239928	0.475596304860436	0.643614105462716
4.95	3.0540134	0.456574332081654	0.623370558438656
5	3.084034	0.438185	0.601467
5.05	3.11411545	0.420538068712847	0.571802467496534
5.1	3.1441969	0.403784136830817	0.542094901572381
5.15	3.17427835	0.387924498861602	0.51234430222754
5.2	3.2043598	0.372960449312896	0.482550669462011
5.25	3.23444125	0.358893282692391	0.452714003275794
5.3	3.2645227	0.345724293507779	0.422834303668889
5.35	3.29460415	0.333454776266754	0.392911570641296
5.4	3.3246856	0.322086025477008	0.362945804193016
5.45	3.35476705	0.311619335646234	0.332937004324048
5.5	3.3848485	0.302056001282125	0.302885171034392
5.55	3.41492995	0.293397316892373	0.272790304324048
5.6	3.4450114	0.285644576984672	0.242652404193016
5.65	3.47509285	0.278799076066714	0.212471470641296
5.7	3.5051743	0.272862108646191	0.182247503668889
5.75	3.53525575	0.267834969230797	0.151980503275794
5.8	3.5653372	0.263718952328224	0.121670469462011
5.85	3.59541865	0.260515352446165	0.0913174022275397
5.9	3.6255001	0.258225464092313	0.060921301572381
5.95	3.65558155	0.25685058177436	0.0304821674965344
6	3.685663	0.256392	0.000000