0	0.000000	0.000000	0.000000
0.05	0.02859425	0.000433610012353125	-0.0303687996842678
0.1	0.0571885	0.001739052152075	-0.0609795415070338
0.15	0.08578275	0.00392324457315938	-0.0918322254682978
0.2	0.114377	0.0069931054296	-0.12292685156806
0.25	0.14297125	0.0109555528753906	-0.15426341980632
0.3	0.1715655	0.015817505064525	-0.185841930183079
0.35	0.20015975	0.0215858801509969	-0.217662382698335
0.4	0.228754	0.0282675962888	-0.24972477735209
0.45	0.25734825	0.0358695716319281	-0.282029114144343
0.5	0.2859425	0.044398724334375	-0.314575393075094
0.55	0.31453675	0.0538619725501344	-0.347363614144343
0.6	0.343131	0.0642662344332	-0.38039377735209
0.65	0.37172525	0.0756184281375656	-0.413665882698335
0.7	0.4003195	0.087925471817225	-0.447179930183079
0.75	0.42891375	0.101194283626172	-0.48093591980632
0.8	0.457508	0.1154317817184	-0.51493385156806
0.85	0.48610225	0.130644884247903	-0.549173725468298
0.9	0.5146965	0.146840509368675	-0.583655541507034
0.95	0.54329075	0.164025575234709	-0.618379299684268
1	0.571885	0.182207	-0.653345
1.05	0.60041575	0.201114429145409	-0.671737369753293
1.1	0.6289465	0.22051881298422	-0.688181426900975
1.15	0.65747725	0.240364564696561	-0.702677171443048
1.2	0.686008	0.26059609746256	-0.715224603379512
1.25	0.71453875	0.281157824462344	-0.725823722710365
1.3	0.7430695	0.30199415887604	-0.734474529435609
1.35	0.77160025	0.323049513883776	-0.741177023555243
1.4	0.800131	0.34426830266568	-0.745931205069267
1.45	0.82866175	0.365594938401879	-0.748737073977682
1.5	0.8571925	0.3869738342725	-0.749594630280487
1.55	0.88572325	0.408349403457671	-0.748503873977682
1.6	0.914254	0.42966605913752	-0.745464805069267
1.65	0.94278475	0.450868214492174	-0.740477423555243
1.7	0.9713155	0.47190028270176	-0.733541729435609
1.75	0.99984625	0.492706676946406	-0.724657722710365
1.8	1.028377	0.51323181040624	-0.713825403379512
1.85	1.05690775	0.533420096261389	-0.701044771443048
1.9	1.0854385	0.55321594769198	-0.686315826900975
1.95	1.11396925	0.572563777878141	-0.669638569753293
2	1.142500	0.591408	-0.651013
2.05	1.17108765	0.609621369679886	-0.623119818589714
2.1	1.1996753	0.62703050998698	-0.594748887854196
2.15	1.22826295	0.643621763190784	-0.565900207793444
2.2	1.2568506	0.6593814715608	-0.536573778407459
2.25	1.28543825	0.674295977366531	-0.506769599696241
2.3	1.3140259	0.68835162287748	-0.47648767165979
2.35	1.34261355	0.701534750363149	-0.445727994298106
2.4	1.3712012	0.71383170209304	-0.414490567611189
2.45	1.39978885	0.725228820336656	-0.382775391599038
2.5	1.4283765	0.7357124473635	-0.350582466261655
2.55	1.45696415	0.745268925443074	-0.317911791599038
2.6	1.4855518	0.75388459684488	-0.284763367611189
2.65	1.51413945	0.761545803838421	-0.251137194298106
2.7	1.5427271	0.7682388886932	-0.21703327165979
2.75	1.57131475	0.773950193678719	-0.182451599696241
2.8	1.5999024	0.77866606106448	-0.147392178407459
2.85	1.62849005	0.782372833119986	-0.111855007793444
2.9	1.6570777	0.78505685211474	-0.0758400878541957
2.95	1.68566535	0.786704460318244	-0.0393474185897145
3	1.714253	0.787302	-0.002377
3.05	1.7405159	0.78692306508361	0.031097354846761
3.1	1.7667788	0.78567576660974	0.0637515354991262
3.15	1.7930417	0.78358164473124	0.0955855419570954
3.2	1.8193046	0.78066223960096	0.126599374220669
3.25	1.8455675	0.77693909137175	0.156793032289846
3.3	1.8718304	0.77243374019646	0.186166516164628
3.35	1.8980933	0.76716772622794	0.214719825845013
3.4	1.9243562	0.76116258961904	0.242452961331003
3.45	1.9506191	0.75443987052261	0.269365922622597
3.5	1.976882	0.7470211090915	0.295458709719795
3.55	2.0031449	0.73892784547856	0.320731322622597
3.6	2.0294078	0.73018161983664	0.345183761331003
3.65	2.0556707	0.72080397231859	0.368816025845013
3.7	2.0819336	0.71081644307726	0.391628116164628
3.75	2.1081965	0.7002405722655	0.413620032289846
3.8	2.1344594	0.68909790003616	0.434791774220669
3.85	2.1607223	0.67740996654209	0.455143341957095
3.9	2.1869852	0.66519831193614	0.474674735499126
3.95	2.2132481	0.65248447637116	0.493385954846761
4	2.239511	0.639290	0.511277
4.05	2.2659704	0.625621141983325	0.521686581419647
4.1	2.2924298	0.61169521102944	0.530708501637225
4.15	2.3188892	0.597548923821155	0.538342760652736
4.2	2.3453486	0.58321899704128	0.544589358466178
4.25	2.371808	0.568742147372625	0.549448295077553
4.3	2.3982674	0.554155091498	0.552919570486859
4.35	2.4247268	0.539494546100215	0.555003184694097
4.4	2.4511862	0.52479722786208	0.555699137699267
4.45	2.4776456	0.510099853466405	0.55500742950237
4.5	2.504105	0.495439139596	0.552928060103404
4.55	2.5305644	0.480851802933675	0.54946102950237
4.6	2.5570238	0.46637456016224	0.544606337699267
4.65	2.5834832	0.452044127964505	0.538363984694097
4.7	2.6099426	0.43789722302328	0.530733970486859
4.75	2.636402	0.423970562021375	0.521716295077553
4.8	2.6628614	0.4103008616416	0.511310958466178
4.85	2.6893208	0.396924838566765	0.499517960652736
4.9	2.7157802	0.38387920947968	0.486337301637225
4.95	2.7422396	0.371200691063155	0.471768981419647
5	2.768699	0.358926	0.455813
5.05	2.79528635	0.347131873311591	0.431413586185973
5.1	2.8218737	0.335984211179809	0.407183515931317
5.15	2.84846105	0.32547851120817	0.383122789236032
5.2	2.8750484	0.315610271000192	0.359231406100119
5.25	2.90163575	0.306374988159391	0.335509366523577
5.3	2.9282231	0.297768160289283	0.311956670506406
5.35	2.95481045	0.289785284993386	0.288573318048607
5.4	2.9813978	0.282421859875216	0.265359309150178
5.45	3.00798515	0.27567338253829	0.242314643811121
5.5	3.0345725	0.269535350586125	0.219439322031436
5.55	3.06115985	0.264003261622237	0.196733343811121
5.6	3.0877472	0.259072613250144	0.174196709150178
5.65	3.11433455	0.254738903073362	0.151829418048607
5.7	3.1409219	0.250997628695407	0.129631470506406
5.75	3.16750925	0.247844287719797	0.107602866523577
5.8	3.1940966	0.245274377750048	0.0857436061001189
5.85	3.22068395	0.243283396389677	0.0640536892360322
5.9	3.2472713	0.241866841242201	0.0425331159313168
5.95	3.27385865	0.241020209911136	0.0211818861859728
6	3.300446	0.240739	0.000000