0	0.000000	0.000000	0.000000
0.05	0.03255845	0.00036404971633675	-0.0224183486758507
0.1	0.0651169	0.001463427872434	-0.0451697448595065
0.15	0.09767535	0.00330897797892225	-0.0682541885509675
0.2	0.1302338	0.005911543546432	-0.0916716797502338
0.25	0.16279225	0.00928196808559375	-0.115422218457305
0.3	0.1953507	0.013431095107038	-0.139505804672182
0.35	0.22790915	0.0183697681213952	-0.163922438394864
0.4	0.2604676	0.024108830639296	-0.188672119625351
0.45	0.29302605	0.0306591261713707	-0.213754848363643
0.5	0.3255845	0.03803149822825	-0.23917062460974
0.55	0.35814295	0.0462367903205642	-0.264919448363643
0.6	0.3907014	0.055285845958944	-0.291001319625351
0.65	0.42325985	0.0651895086540197	-0.317416238394864
0.7	0.4558183	0.075958621916422	-0.344164204672182
0.75	0.48837675	0.0876040292567812	-0.371245218457305
0.8	0.5209352	0.100136574185728	-0.398659279750234
0.85	0.55349365	0.113567100213893	-0.426406388550968
0.9	0.5860521	0.127906450851906	-0.454486544859507
0.95	0.61861055	0.143165469610398	-0.482899748675851
1	0.651169	0.159355	-0.511646
1.05	0.6834635	0.176150789897038	-0.52829505294129
1.1	0.715758	0.1934626422547	-0.543605773994024
1.15	0.7480525	0.211247336313812	-0.5575781631582
1.2	0.780347	0.2294616513152	-0.57021222043382
1.25	0.8126415	0.248062366499687	-0.581507945820883
1.3	0.844936	0.2670062611081	-0.591465339319389
1.35	0.8772305	0.286250114381262	-0.600084400929338
1.4	0.909525	0.30575070556	-0.60736513065073
1.45	0.9418195	0.325464813885137	-0.613307528483565
1.5	0.974114	0.3453492185975	-0.617911594427843
1.55	1.0064085	0.365360698937912	-0.621177328483565
1.6	1.038703	0.3854560341472	-0.62310473065073
1.65	1.0709975	0.405592003466187	-0.623693800929338
1.7	1.103292	0.4257253861357	-0.622944539319389
1.75	1.1355865	0.445812961396562	-0.620856945820883
1.8	1.167881	0.4658115084896	-0.61743102043382
1.85	1.2001755	0.485677806655637	-0.6126667631582
1.9	1.23247	0.5053686351355	-0.606564173994024
1.95	1.2647645	0.524840773170012	-0.59912325294129
2	1.297059	0.544051	-0.590344
2.05	1.32926195	0.562729073652966	-0.569525772569578
2.1	1.3614649	0.580721981928812	-0.547791042763412
2.15	1.39366785	0.598000210747355	-0.5251398105815
2.2	1.4258708	0.614534246028416	-0.501572076023843
2.25	1.45807375	0.630294573691812	-0.477087839090441
2.3	1.4902767	0.645251679657364	-0.451687099781294
2.35	1.52247965	0.65937604984489	-0.425369858096401
2.4	1.5546826	0.672638170174208	-0.398136114035764
2.45	1.58688555	0.685008526565138	-0.369985867599382
2.5	1.6190885	0.6964576049375	-0.340919118787254
2.55	1.65129145	0.706955891211111	-0.310935867599382
2.6	1.6834944	0.716473871305792	-0.280036114035764
2.65	1.71569735	0.724982031141361	-0.248219858096401
2.7	1.7479003	0.732450856637636	-0.215487099781294
2.75	1.78010325	0.738850833714437	-0.181837839090441
2.8	1.8123062	0.744152448291584	-0.147272076023843
2.85	1.84450915	0.748326186288895	-0.1117898105815
2.9	1.8767121	0.751342533626188	-0.0753910427634115
2.95	1.90891505	0.753171976223284	-0.0380757725695784
3	1.941118	0.753785	0.000156
3.05	1.97289035	0.753157481816341	0.0391479138841949
3.1	2.0046627	0.751309874874644	0.0769579210437377
3.15	2.03643505	0.748279731129034	0.113586021478628
3.2	2.0682074	0.744104602533632	0.149032215188867
3.25	2.09997975	0.738822041042563	0.183296502174454
3.3	2.1317521	0.732469598609948	0.216378882435388
3.35	2.16352445	0.725084827189912	0.24827935597167
3.4	2.1952968	0.716705278736576	0.278997922783301
3.45	2.22706915	0.707368505204065	0.308534582870279
3.5	2.2588415	0.6971120585465	0.336889336232605
3.55	2.29061385	0.685973490718006	0.364062182870279
3.6	2.3223862	0.673990353672704	0.390053122783301
3.65	2.35415855	0.661200199364719	0.41486215597167
3.7	2.3859309	0.647640579748172	0.438489282435388
3.75	2.41770325	0.633349046777188	0.460934502174454
3.8	2.4494756	0.618363152405888	0.482197815188867
3.85	2.48124795	0.602720448588397	0.502279221478628
3.9	2.5130203	0.586458487278836	0.521178721043738
3.95	2.54479265	0.569614820431329	0.538896313884195
4	2.576565	0.552227	0.555432
4.05	2.608407	0.534463901534395	0.560095114443659
4.1	2.640249	0.51656906783796	0.563706306314302
4.15	2.672091	0.498575994229265	0.566265575611928
4.2	2.703933	0.48051817602688	0.567772922336537
4.25	2.735775	0.462429108549375	0.568228346488129
4.3	2.767617	0.44434228711532	0.567631848066705
4.35	2.799459	0.426291207043285	0.565983427072263
4.4	2.831301	0.40830936365184	0.563283083504805
4.45	2.863143	0.390430252259555	0.559530817364331
4.5	2.894985	0.372687368185	0.554726628650839
4.55	2.926827	0.355114206746745	0.548870517364331
4.6	2.958669	0.33774426326336	0.541962483504805
4.65	2.990511	0.320611033053415	0.534002527072263
4.7	3.022353	0.30374801143548	0.524990648066705
4.75	3.054195	0.287188693728125	0.514926846488129
4.8	3.086037	0.27096657524992	0.503811122336537
4.85	3.117879	0.255115151319435	0.491643475611928
4.9	3.149721	0.23966791725524	0.478423906314302
4.95	3.181563	0.224658368375905	0.46415241444366
5	3.213405	0.210120	0.448829
5.05	3.2452574	0.196205296292261	0.424896084062017
5.1	3.2771098	0.183050413039848	0.401120164538559
5.15	3.3089622	0.170650349530167	0.377501241429625
5.2	3.3408146	0.159000105050624	0.354039314735216
5.25	3.372667	0.148094678888625	0.330734384455331
5.3	3.4045194	0.137929070331576	0.307586450589971
5.35	3.4363718	0.128498278666883	0.284595513139136
5.4	3.4682242	0.119797303181952	0.261761572102824
5.45	3.5000766	0.111821143164189	0.239084627481038
5.5	3.531929	0.104564797901	0.216564679273775
5.55	3.5637814	0.098023266679791	0.194201727481038
5.6	3.5956338	0.092191548787968	0.171995772102824
5.65	3.6274862	0.087064643512937	0.149946813139135
5.7	3.6593386	0.082637550142104	0.128054850589971
5.75	3.691191	0.078905267962875	0.106319884455331
5.8	3.7230434	0.075862796262656	0.0847419147352162
5.85	3.7548958	0.073505134328853	0.0633209414296254
5.9	3.7867482	0.071827281448872	0.0420569645385591
5.95	3.8186006	0.070824236910119	0.0209499840620173
6	3.850453	0.070491	0.000000