0	0.000000	0.000000	0.000000
0.05	0.02462085	0.000303858360836875	-0.0246643689798738
0.1	0.0492417	0.001213597472645	-0.0492168833302871
0.15	0.07386255	0.00272646337937062	-0.0736575430512401
0.2	0.0984834	0.00483970212496	-0.0979863481427327
0.25	0.12310425	0.00755055975335937	-0.122203298604765
0.3	0.1477251	0.010856282308515	-0.146308394437337
0.35	0.17234595	0.0147541158343731	-0.170301635640448
0.4	0.1969668	0.01924130637488	-0.194183022214099
0.45	0.22158765	0.0243150999739819	-0.21795255415829
0.5	0.2462085	0.029972742675625	-0.24161023147302
0.55	0.27082935	0.0362114805237556	-0.26515605415829
0.6	0.2954502	0.04302855956232	-0.288590022214099
0.65	0.32007105	0.0504212258352644	-0.311912135640448
0.7	0.3446919	0.058386725386535	-0.335122394437336
0.75	0.36931275	0.0669223042600781	-0.358220798604765
0.8	0.3939336	0.07602520849984	-0.381207348142733
0.85	0.41855445	0.0856926841497668	-0.40408204305124
0.9	0.4431753	0.095921977253805	-0.426844883330287
0.95	0.46779615	0.106710333855901	-0.449495868979874
1	0.492417	0.118055	-0.472035
1.05	0.5170755	0.129865445346404	-0.48565385419475
1.1	0.541734	0.14199455096403	-0.497880876369001
1.15	0.5663925	0.154407996363001	-0.508716066522751
1.2	0.591051	0.16707146105344	-0.518159424656001
1.25	0.6157095	0.179950624545469	-0.526210950768751
1.3	0.640368	0.19301116634921	-0.532870644861001
1.35	0.6650265	0.206218765974786	-0.538138506932751
1.4	0.689685	0.21953910293232	-0.542014536984001
1.45	0.7143435	0.232937856731934	-0.544498735014752
1.5	0.739002	0.24638070688375	-0.545591101025002
1.55	0.7636605	0.259833332897891	-0.545291635014752
1.6	0.788319	0.27326141428448	-0.543600336984001
1.65	0.8129775	0.286630630553639	-0.540517206932752
1.7	0.837636	0.29990666121549	-0.536042244861001
1.75	0.8622945	0.313055185780156	-0.530175450768751
1.8	0.886953	0.32604188375776	-0.522916824656001
1.85	0.9116115	0.338832434658424	-0.514266366522751
1.9	0.93627	0.35139251799227	-0.504224076369001
1.95	0.9609285	0.363687813269421	-0.49278995419475
2	0.985587	0.375684	-0.479964
2.05	1.010129	0.38724227813735	-0.461852914817456
2.1	1.034671	0.3983486173684	-0.443134164917285
2.15	1.059213	0.40898810438565	-0.423807750299487
2.2	1.083755	0.4191458258816	-0.403873670964062
2.25	1.108297	0.42880686854875	-0.38333192691101
2.3	1.132839	0.4379563190796	-0.362182518140331
2.35	1.157381	0.44657926416665	-0.340425444652025
2.4	1.181923	0.4546607905024	-0.318060706446092
2.45	1.206465	0.46218598477935	-0.295088303522533
2.5	1.231007	0.46913993369	-0.271508235881346
2.55	1.255549	0.47550772392685	-0.247320503522533
2.6	1.280091	0.4812744421824	-0.222525106446092
2.65	1.304633	0.48642517514915	-0.197122044652025
2.7	1.329175	0.4909450095196	-0.171111318140331
2.75	1.353717	0.49481903198625	-0.14449292691101
2.8	1.378259	0.4980323292416	-0.117266870964062
2.85	1.402801	0.50056998797815	-0.0894331502994866
2.9	1.427343	0.5024170948884	-0.0609917649172846
2.95	1.451885	0.50355873666485	-0.0319427148174558
3	1.476427	0.503980	-0.002286
3.05	1.5006739	0.503674562794755	0.0273731616606968
3.1	1.5249208	0.502657748393898	0.0563917852518466
3.15	1.5491677	0.500945087859948	0.0847698707734493
3.2	1.5734146	0.498552112255424	0.112507418225505
3.25	1.5976615	0.495494352642844	0.139604427608014
3.3	1.6219084	0.491787340084726	0.166060898920975
3.35	1.6461553	0.487446605643589	0.19187683216439
3.4	1.6704022	0.482487680381952	0.217052227338258
3.45	1.6946491	0.476926095362333	0.241587084442578
3.5	1.718896	0.47077738164725	0.265481403477352
3.55	1.7431429	0.464057070299222	0.288735184442578
3.6	1.7673898	0.456780692380768	0.311348427338258
3.65	1.7916367	0.448963778954406	0.33332113216439
3.7	1.8158836	0.440621861082654	0.354653298920975
3.75	1.8401305	0.431770469828031	0.375344927608014
3.8	1.8643774	0.422425136253056	0.395396018225505
3.85	1.8886243	0.412601391420247	0.414806570773449
3.9	1.9128712	0.402314766392122	0.433576585251847
3.95	1.9371181	0.3915807922312	0.451706061660697
4	1.961365	0.380415	0.469195
4.05	1.9858367	0.368779083411308	0.481536544469367
4.1	2.0103084	0.356858596370604	0.492452105310379
4.15	2.0347801	0.344688435121446	0.501941682523037
4.2	2.0592518	0.332303495907392	0.51000527610734
4.25	2.0837235	0.319738674972	0.516642886063289
4.3	2.1081952	0.307028868558828	0.521854512390884
4.35	2.1326669	0.294208972911434	0.525640155090125
4.4	2.1571386	0.281313884273376	0.52799981416101
4.45	2.1816103	0.268378498888212	0.528933489603542
4.5	2.206082	0.2554377129995	0.528441181417719
4.55	2.2305537	0.242526422850798	0.526522889603542
4.6	2.2550254	0.229679524685664	0.523178614161011
4.65	2.2794971	0.216931914747656	0.518408355090125
4.7	2.3039688	0.204318489280332	0.512212112390884
4.75	2.3284405	0.19187414452725	0.504589886063289
4.8	2.3529122	0.179633776731968	0.49554167610734
4.85	2.3773839	0.167632282138044	0.485067482523037
4.9	2.4018556	0.155904556989036	0.473167305310379
4.95	2.4263273	0.144485497528502	0.459841144469366
5	2.450799	0.133410	0.445089
5.05	2.4749713	0.122914492586683	0.423294227442993
5.1	2.4991436	0.112946399767786	0.401451067786723
5.15	2.5233159	0.103506891170788	0.379559521031191
5.2	2.5474882	0.094597136423168	0.357619587176396
5.25	2.5716605	0.0862183051524062	0.335631266222339
5.3	2.5958328	0.078371566985982	0.31359455816902
5.35	2.6200051	0.0710580915513747	0.291509463016438
5.4	2.6441774	0.064279048476064	0.269375980764594
5.45	2.6683497	0.0580356073875292	0.247194111413488
5.5	2.692522	0.05232893791325	0.224963854963119
5.55	2.7166943	0.0471602096807057	0.202685211413488
5.6	2.7408666	0.042530592317376	0.180358180764594
5.65	2.7650389	0.0384412554507403	0.157982763016438
5.7	2.7892112	0.034893368708278	0.13555895816902
5.75	2.8133835	0.0318881017174688	0.113086766222339
5.8	2.8375558	0.029426624105792	0.0905661871763959
5.85	2.8617281	0.0275101055007272	0.0679972210311905
5.9	2.8859004	0.026139715529754	0.0453798677867227
5.95	2.9100727	0.0253166238203518	0.0227141274429926
6	2.934245	0.025042	0.000000