0	0.000000	0.000000	0.000000
0.05	0.0234897	0.00035900127251775	-0.0303548600879641
0.1	0.0469794	0.001416101137962	-0.0594386980614056
0.15	0.0704691	0.00314144366816925	-0.0872515139203247
0.2	0.0939588	0.005505172934976	-0.113793307664721
0.25	0.1174485	0.00847743301021875	-0.139064079294595
0.3	0.1409382	0.012028367965734	-0.163063828809946
0.35	0.1644279	0.0161281218733582	-0.185792556210775
0.4	0.1879176	0.020746838804928	-0.207250261497082
0.45	0.2114073	0.0258546628322798	-0.227436944668865
0.5	0.234897	0.03142173802725	-0.246352605726127
0.55	0.2583867	0.0374182084616753	-0.263997244668865
0.6	0.2818764	0.043814218207392	-0.280370861497082
0.65	0.3053661	0.0505799113362368	-0.295473456210775
0.7	0.3288558	0.057685431920046	-0.309305028809946
0.75	0.3523455	0.0651009240306562	-0.321865579294595
0.8	0.3758352	0.072796531739904	-0.333155107664721
0.85	0.3993249	0.0807423991196257	-0.343173613920325
0.9	0.4228146	0.088908670241658	-0.351921098061405
0.95	0.4463043	0.0972654891778373	-0.359397560087964
1	0.469794	0.105783	-0.365603
1.05	0.49349265	0.114483202760367	-0.36853959504842
1.1	0.5171913	0.123246347527208	-0.37091486430227
1.15	0.54088995	0.132059131636981	-0.37272880776155
1.2	0.5645886	0.140908252426144	-0.373981425426259
1.25	0.58828725	0.149780407231156	-0.374672717296397
1.3	0.6119859	0.158662293388476	-0.374802683371964
1.35	0.63568455	0.167540608234562	-0.374371323652961
1.4	0.6593832	0.176402049105872	-0.373378638139388
1.45	0.68308185	0.185233313338865	-0.371824626831244
1.5	0.7067805	0.19402109827	-0.369709289728529
1.55	0.73047915	0.202752101235735	-0.367032626831244
1.6	0.7541778	0.211413019572528	-0.363794638139388
1.65	0.77787645	0.219990550616838	-0.359995323652961
1.7	0.8015751	0.228471391705124	-0.355634683371964
1.75	0.82527375	0.236842240173844	-0.350712717296397
1.8	0.8489724	0.245089793359456	-0.345229425426259
1.85	0.87267105	0.253200748598419	-0.33918480776155
1.9	0.8963697	0.261161803227192	-0.33257886430227
1.95	0.92006835	0.268959654582233	-0.325411595048421
2	0.943767	0.276581	-0.317683
2.05	0.9675562	0.283965344022553	-0.303110186197896
2.1	0.9913454	0.291001468122984	-0.288407537006541
2.15	1.0151346	0.297686283621251	-0.273575052425933
2.2	1.0389238	0.304016701837312	-0.258612732456072
2.25	1.062713	0.309989634091125	-0.24352057709696
2.3	1.0865022	0.315601991702648	-0.228298586348595
2.35	1.1102914	0.320850685991839	-0.212946760210978
2.4	1.1340806	0.325732628278656	-0.197465098684109
2.45	1.1578698	0.330244729883057	-0.181853601767987
2.5	1.181659	0.334383902125	-0.166112269462613
2.55	1.2054482	0.338147056324443	-0.150241101767987
2.6	1.2292374	0.341531103801344	-0.134240098684109
2.65	1.2530266	0.344532955875661	-0.118109260210978
2.7	1.2768158	0.347149523867352	-0.101848586348595
2.75	1.300605	0.349377719096375	-0.0854580770969599
2.8	1.3243942	0.351214452882688	-0.0689377324560724
2.85	1.3481834	0.352656636546249	-0.0522875524259327
2.9	1.3719726	0.353701181407016	-0.0355075370065407
2.95	1.3957618	0.354344998784947	-0.0185976861978965
3	1.419551	0.354585	-0.001558
3.05	1.4432511	0.354419136297848	0.0155316773520681
3.1	1.4669512	0.353849895094562	0.0324821518249712
3.15	1.4906513	0.352880575512299	0.0492934234187092
3.2	1.5143514	0.351514476673216	0.0659654921332821
3.25	1.5380515	0.349754897699469	0.08249835796869
3.3	1.5617516	0.347605137713214	0.0988920209249328
3.35	1.5854517	0.345068495836608	0.11514648100201
3.4	1.6091518	0.342148271191808	0.131261738199923
3.45	1.6328519	0.33884776290097	0.147237792518671
3.5	1.656552	0.33517027008625	0.163074643958253
3.55	1.6802521	0.331119091869805	0.178772292518671
3.6	1.7039522	0.326697527373792	0.194330738199923
3.65	1.7276523	0.321908875720367	0.20974998100201
3.7	1.7513524	0.316756436031686	0.225030020924933
3.75	1.7750525	0.311243507429906	0.24017085796869
3.8	1.7987526	0.305373389037184	0.255172492133282
3.85	1.8224527	0.299149379975676	0.270034923418709
3.9	1.8461528	0.292574779367538	0.284758151824971
3.95	1.8698529	0.285652886334927	0.299342177352068
4	1.893553	0.278387	0.313787
4.05	1.9171946	0.27088144500776	0.321072098981456
4.1	1.9408362	0.26320973394944	0.327843245438549
4.15	1.9644778	0.25538401748504	0.334100439371278
4.2	1.9881194	0.24741644627456	0.339843680779643
4.25	2.011761	0.239319170978	0.345072969663644
4.3	2.0354026	0.23110434225536	0.349788306023281
4.35	2.0590442	0.22278411076664	0.353989689858554
4.4	2.0826858	0.21437062717184	0.357677121169464
4.45	2.1063274	0.20587604213096	0.36085059995601
4.5	2.129969	0.197312506304	0.363510126218192
4.55	2.1536106	0.18869217035096	0.36565569995601
4.6	2.1772522	0.18002718493184	0.367287321169464
4.65	2.2008938	0.17132970070664	0.368404989858554
4.7	2.2245354	0.16261186833536	0.369008706023281
4.75	2.248177	0.153885838478	0.369098469663644
4.8	2.2718186	0.14516376179456	0.368674280779643
4.85	2.2954602	0.13645778894504	0.367736139371278
4.9	2.3191018	0.12778007058944	0.366284045438549
4.95	2.3427434	0.11914275738776	0.364317998981456
5	2.366385	0.110558	0.361838
5.05	2.38984395	0.102157389306035	0.354175674388911
5.1	2.4133029	0.093949405928838	0.345415498842148
5.15	2.43676185	0.0859598042751583	0.335557473359709
5.2	2.4602208	0.078214338751744	0.324601597941596
5.25	2.48367975	0.0707387637653437	0.312547872587808
5.3	2.5071387	0.063558833722706	0.299396297298345
5.35	2.53059765	0.0567003030305793	0.285146872073207
5.4	2.5540566	0.050188926095712	0.269799596912394
5.45	2.57751555	0.0440504573248528	0.253354471815906
5.5	2.6009745	0.03831065112475	0.235811496783744
5.55	2.62443345	0.0329952619021523	0.217170671815906
5.6	2.6478924	0.028130044063808	0.197431996912394
5.65	2.67135135	0.0237407520164657	0.176595472073207
5.7	2.6948103	0.019853140166874	0.154661097298345
5.75	2.71826925	0.0164929629217812	0.131628872587808
5.8	2.7417282	0.013685974687936	0.107498797941596
5.85	2.76518715	0.0114579298720868	0.0822708733597092
5.9	2.7886461	0.009834582880982	0.0559450988421477
5.95	2.81210505	0.00884168812137025	0.0285214743889113
6	2.835564	0.008505	0.000000