0	0.000000	0.000000	0.000000
0.05	0.02592505	0.000378896952629	-0.0291559296536362
0.1	0.0518501	0.001507887925752	-0.057866350922679
0.15	0.07777515	0.003375423092223	-0.0861312638071286
0.2	0.1037002	0.005969952624896	-0.113950668306985
0.25	0.12962525	0.009279926696625	-0.141324564422248
0.3	0.1555503	0.013293795480264	-0.168252952152918
0.35	0.18147535	0.018000009148667	-0.194735831498994
0.4	0.2074004	0.023387017874688	-0.220773202460477
0.45	0.23332545	0.029443271831181	-0.246365065037367
0.5	0.2592505	0.036157221191	-0.271511419229664
0.55	0.28517555	0.043517316126999	-0.296212265037367
0.6	0.3111006	0.051512006812032	-0.320467602460477
0.65	0.33702565	0.060129743418953	-0.344277431498994
0.7	0.3629507	0.069358976120616	-0.367641752152918
0.75	0.38887575	0.079188155089875	-0.390560564422248
0.8	0.4148008	0.089605730499584	-0.413033868306985
0.85	0.44072585	0.100600152522597	-0.435061663807129
0.9	0.4666509	0.112159871331768	-0.456643950922679
0.95	0.49257595	0.124273337099951	-0.477780729653636
1	0.518501	0.136929	-0.498472
1.05	0.5443266	0.149931470129252	-0.50826783697401
1.1	0.5701522	0.163171083851616	-0.516837001634967
1.15	0.5959778	0.176616161618604	-0.52417949398287
1.2	0.6218034	0.190235023881728	-0.530295314017719
1.25	0.647629	0.2039959910925	-0.535184461739514
1.3	0.6734546	0.217867383702432	-0.538846937148256
1.35	0.6992802	0.231817522163036	-0.541282740243944
1.4	0.7251058	0.245814726925824	-0.542491871026578
1.45	0.7509314	0.259827318442308	-0.542474329496159
1.5	0.776757	0.273823617164	-0.541230115652686
1.55	0.8025826	0.287771943542412	-0.538759229496159
1.6	0.8284082	0.301640618029056	-0.535061671026578
1.65	0.8542338	0.315397961075444	-0.530137440243944
1.7	0.8800594	0.329012293133088	-0.523986537148256
1.75	0.905885	0.3424519346535	-0.516608961739514
1.8	0.9317106	0.355685206088192	-0.508004714017719
1.85	0.9575362	0.368680427888676	-0.49817379398287
1.9	0.9833618	0.381405920506464	-0.487116201634967
1.95	1.0091874	0.393830004393068	-0.474831936974011
2	1.035013	0.405921	-0.461321
2.05	1.06076215	0.41752664917518	-0.440097277634422
2.1	1.0865113	0.428584173819181	-0.418746815517852
2.15	1.11226045	0.439090310491143	-0.39726961365029
2.2	1.1380096	0.449041795750208	-0.375665672031737
2.25	1.16375875	0.458435366155516	-0.353934990662192
2.3	1.1895079	0.467267758266207	-0.332077569541655
2.35	1.21525705	0.475535708641423	-0.310093408670126
2.4	1.2410062	0.483235953840304	-0.287982508047606
2.45	1.26675535	0.490365230421991	-0.265744867674093
2.5	1.2925045	0.496920274945625	-0.243380487549589
2.55	1.31825365	0.502897823970346	-0.220889367674093
2.6	1.3440028	0.508294614055296	-0.198271508047606
2.65	1.36975195	0.513107381759615	-0.175526908670126
2.7	1.3955011	0.517332863642443	-0.152655569541655
2.75	1.42125025	0.520967796262922	-0.129657490662192
2.8	1.4469994	0.524008916180192	-0.106532672031737
2.85	1.47274855	0.526452959953394	-0.0832811136502905
2.9	1.4984977	0.528296664141669	-0.0599028155178521
2.95	1.52424685	0.529536765304157	-0.036397777634422
3	1.549996	0.530170	-0.012766
3.05	1.57402975	0.530164641470988	0.0131038012029958
3.1	1.5980635	0.5295453298924	0.0383249075425184
3.15	1.62209725	0.528327655834413	0.0628973190185677
3.2	1.646131	0.5265272098672	0.0868210356311438
3.25	1.67016475	0.524159582560938	0.110096057380247
3.3	1.6941985	0.5212403644858	0.132722384265876
3.35	1.71823225	0.517785146211962	0.154700016288033
3.4	1.742266	0.5138095183096	0.176028953446716
3.45	1.76629975	0.509329071348887	0.196709195741926
3.5	1.7903335	0.5043593959	0.216740743173662
3.55	1.81436725	0.498916082533112	0.236123595741926
3.6	1.838401	0.4930147218184	0.254857753446716
3.65	1.86243475	0.486670904326037	0.272943216288033
3.7	1.8864685	0.4799002206262	0.290379984265876
3.75	1.91050225	0.472718261289062	0.307168057380247
3.8	1.934536	0.4651406168848	0.323307435631144
3.85	1.95856975	0.457182877983587	0.338798119018568
3.9	1.9826035	0.4488606351556	0.353640107542519
3.95	2.00663725	0.440189478971012	0.367833401202996
4	2.030671	0.431185	0.381378
4.05	2.05500945	0.421735901825866	0.394884050285916
4.1	2.0793479	0.41197363107361	0.407112800541735
4.15	2.10368635	0.401929275246149	0.418064250767458
4.2	2.1280248	0.3916339218464	0.427738400963085
4.25	2.15236325	0.381118658377281	0.436135251128615
4.3	2.1767017	0.37041457234171	0.443254801264049
4.35	2.20104015	0.359552751242604	0.449097051369386
4.4	2.2253786	0.34856428258288	0.453662001444627
4.45	2.24971705	0.337480253865456	0.456949651489772
4.5	2.2740555	0.32633175259325	0.45896000150482
4.55	2.29839395	0.315149866269179	0.459693051489772
4.6	2.3227324	0.30396568239616	0.459148801444628
4.65	2.34707085	0.292810288477111	0.457327251369387
4.7	2.3714093	0.28171477201495	0.454228401264049
4.75	2.39574775	0.270710220512594	0.449852251128615
4.8	2.4200862	0.25982772147296	0.444198800963085
4.85	2.44442465	0.249098362398966	0.437268050767459
4.9	2.4687631	0.23855323079353	0.429060000541736
4.95	2.49310155	0.228223414159569	0.419574650285916
5	2.517440	0.218140	0.408812
5.05	2.5415894	0.208430654527198	0.395175194583965
5.1	2.5657388	0.199059277489264	0.380822200264354
5.15	2.5898882	0.190043164418506	0.365753017041169
5.2	2.6140376	0.181399610847232	0.349967644914408
5.25	2.638187	0.17314591230775	0.333466083884072
5.3	2.6623364	0.165299364332368	0.31624833395016
5.35	2.6864858	0.157877262453394	0.298314395112674
5.4	2.7106352	0.150896902203136	0.279664267371612
5.45	2.7347846	0.144375579113902	0.260297950726975
5.5	2.758934	0.138330588718	0.240215445178762
5.55	2.7830834	0.132779226547738	0.219416750726975
5.6	2.8072328	0.127738788135424	0.197901867371612
5.65	2.8313822	0.123226569013366	0.175670795112674
5.7	2.8555316	0.119259864713872	0.15272353395016
5.75	2.879681	0.11585597076925	0.129060083884072
5.8	2.9038304	0.113032182711808	0.104680444914408
5.85	2.9279798	0.110805796073854	0.0795846170411688
5.9	2.9521292	0.109194106387696	0.0537726002643544
5.95	2.9762786	0.108214409185642	0.0272443945839648
6	3.000428	0.107884	0.000000