0	0.000000	0.000000	0.000000
0.05	0.02610465	0.000238181377395625	-0.0182318515417512
0.1	0.0522093	0.000951018903815	-0.036365639763318
0.15	0.07831395	0.00213595267060687	-0.0544013646647005
0.2	0.1044186	0.00379042276912	-0.0723390262458987
0.25	0.13052325	0.00591186929070312	-0.0901786245069126
0.3	0.1566279	0.008497732326705	-0.107920159447742
0.35	0.18273255	0.0115454519684744	-0.125563631068387
0.4	0.2088372	0.01505246830736	-0.143109039368848
0.45	0.23494185	0.0190162214347106	-0.160556384349125
0.5	0.2610465	0.023434151441875	-0.177905666009217
0.55	0.28715115	0.0283036984202019	-0.195156884349125
0.6	0.3132558	0.03362230246104	-0.212310039368848
0.65	0.33936045	0.0393874036557381	-0.229365131068387
0.7	0.3654651	0.045596442095645	-0.246322159447742
0.75	0.39156975	0.0522468578721094	-0.263181124506913
0.8	0.4176744	0.05933609107648	-0.279942026245899
0.85	0.44377905	0.0668615818001056	-0.2966048646647
0.9	0.4698837	0.074820770134335	-0.313169639763318
0.95	0.49598835	0.0832110961705169	-0.329636351541751
1	0.522093	0.092030	-0.346005
1.05	0.5480924	0.101183758569721	-0.357966839343716
1.1	0.5740918	0.110634502686448	-0.36885056928283
1.15	0.6000912	0.120354202152527	-0.378656189817342
1.2	0.6260906	0.130314826770304	-0.387383700947253
1.25	0.65209	0.140488346342125	-0.395033102672562
1.3	0.6780894	0.150846730670336	-0.401604394993269
1.35	0.7040888	0.161361949557283	-0.407097577909375
1.4	0.7300882	0.172005972805312	-0.411512651420879
1.45	0.7560876	0.182750770216769	-0.414849615527781
1.5	0.782087	0.193568311594	-0.417108470230082
1.55	0.8080864	0.204430566739351	-0.418289215527781
1.6	0.8340858	0.215309505455168	-0.418391851420879
1.65	0.8600852	0.226177097543797	-0.417416377909375
1.7	0.8860846	0.237005312807584	-0.415362794993269
1.75	0.912084	0.247766121048875	-0.412231102672562
1.8	0.9380834	0.258431492070016	-0.408021300947252
1.85	0.9640828	0.268973395673353	-0.402733389817342
1.9	0.9900822	0.279363801661232	-0.396367369282829
1.95	1.0160816	0.289574679835999	-0.388923239343715
2	1.042081	0.299578	-0.380401
2.05	1.0679034	0.309251490732568	-0.368702752532065
2.1	1.0937258	0.318612930462464	-0.356231983744966
2.15	1.1195482	0.327642370835176	-0.342988693638701
2.2	1.1453706	0.336319863496192	-0.328972882213272
2.25	1.171193	0.344625460091	-0.314184549468678
2.3	1.1970154	0.352539212265088	-0.29862369540492
2.35	1.2228378	0.360041171663944	-0.282290320021996
2.4	1.2486602	0.367111389933056	-0.265184423319908
2.45	1.2744826	0.373729918717912	-0.247306005298655
2.5	1.300305	0.379876809664	-0.228655065958238
2.55	1.3261274	0.385532114416808	-0.209231605298655
2.6	1.3519498	0.390675884621824	-0.189035623319908
2.65	1.3777722	0.395288171924536	-0.168067120021996
2.7	1.4035946	0.399349027970432	-0.14632609540492
2.75	1.429417	0.402838504405	-0.123812549468678
2.8	1.4552394	0.405736652873728	-0.100526482213272
2.85	1.4810618	0.408023525022104	-0.0764678936387013
2.9	1.5068842	0.409679172495616	-0.0516367837449656
2.95	1.5327066	0.410683646939752	-0.0260331525320652
3	1.558529	0.411017	0.000343
3.05	1.5845264	0.410674420612083	0.0259555177176372
3.1	1.6105238	0.40967037943002	0.0512297651492073
3.15	1.6365212	0.408013670601748	0.0761657422947103
3.2	1.6625186	0.4057130882752	0.100763449154146
3.25	1.688516	0.402777426598313	0.125022885727515
3.3	1.7145134	0.39921547971902	0.148944052014817
3.35	1.7405108	0.395036041785258	0.172526948016052
3.4	1.7665082	0.39024790694496	0.195771573731219
3.45	1.7925056	0.384859869346063	0.21867792916032
3.5	1.818503	0.3788807231365	0.241246014303354
3.55	1.8445004	0.372319262464207	0.26347582916032
3.6	1.8704978	0.36518428147712	0.285367373731219
3.65	1.8964952	0.357484574323172	0.306920648016052
3.7	1.9224926	0.3492289351503	0.328135652014817
3.75	1.94849	0.340426158106438	0.349012385727515
3.8	1.9744874	0.33108503733952	0.369550849154146
3.85	2.0004848	0.321214366997483	0.38975104229471
3.9	2.0264822	0.31082294122826	0.409612965149207
3.95	2.0524796	0.299919554179787	0.429136617717637
4	2.078477	0.288513	0.448322
4.05	2.1045811	0.276644881623526	0.460749160496761
4.1	2.1306852	0.264469620223404	0.471854167257021
4.15	2.1567893	0.252021729432989	0.48163702028078
4.2	2.1828934	0.239335722885632	0.490097719568037
4.25	2.2089975	0.226446114214688	0.497236265118793
4.3	2.2351016	0.213387417053508	0.503052656933049
4.35	2.2612057	0.200194145035447	0.507546895010803
4.4	2.2873098	0.186900811793856	0.510718979352056
4.45	2.3134139	0.17354193096209	0.512568909956807
4.5	2.339518	0.1601520161735	0.513096686825058
4.55	2.3656221	0.14676558106144	0.512302309956807
4.6	2.3917262	0.133417139259264	0.510185779352056
4.65	2.4178303	0.120141204400323	0.506747095010803
4.7	2.4439344	0.106972290117972	0.501986256933049
4.75	2.4700385	0.0939449100455625	0.495903265118793
4.8	2.4961426	0.081093577816448	0.488498119568037
4.85	2.5222467	0.0684528070639815	0.47977082028078
4.9	2.5483508	0.056057111421516	0.469721367257021
4.95	2.5744549	0.0439410045224045	0.458349760496761
5	2.600559	0.032139	0.445656
5.05	2.6267575	0.02078943835881	0.420817198052179
5.1	2.652956	0.01008709168008	0.39624744894097
5.15	2.6791545	2.49111830700061e-05	0.371946752666374
5.2	2.705353	-0.00940415191295999	0.347915109228391
5.25	2.7315515	-0.01820714638875	0.324152518627021
5.3	2.75775	-0.02639112102504	0.300658980862263
5.35	2.7839485	-0.03396312460257	0.277434495934118
5.4	2.810147	-0.04093020590208	0.254479063842587
5.45	2.8363455	-0.04729941370431	0.231792684587667
5.5	2.862544	-0.05307779679	0.209375358169361
5.55	2.8887425	-0.05827240393989	0.187227084587667
5.6	2.914941	-0.06289028393472	0.165347863842587
5.65	2.9411395	-0.06693848555523	0.143737695934119
5.7	2.967338	-0.07042405758216	0.122396580862263
5.75	2.9935365	-0.07335404879625	0.101324518627021
5.8	3.019735	-0.07573550797824	0.080521509228391
5.85	3.0459335	-0.07757548390887	0.0599875526663742
5.9	3.072132	-0.07888102536888	0.03972264894097
5.95	3.0983305	-0.07965918113901	0.0197267980521786
6	3.124529	-0.079917	0.000000