0	0.000000	0.000000	0.000000
0.05	0.02820735	0.00049699930904975	-0.0352146261894241
0.1	0.0564147	0.001985247907978	-0.0702830496220666
0.15	0.08462205	0.00446062180445325	-0.105205270297928
0.2	0.1128294	0.007918997006144	-0.139981288217007
0.25	0.14103675	0.0123562495207188	-0.174611103379305
0.3	0.1692441	0.017768255355846	-0.209094715784822
0.35	0.19745145	0.0241508905191943	-0.243432125433557
0.4	0.2256588	0.031500031018432	-0.277623332325511
0.45	0.25386615	0.0398115528612278	-0.311668336460683
0.5	0.2820735	0.04908133205525	-0.345567137839074
0.55	0.31028085	0.0593052446081673	-0.379319736460683
0.6	0.3384882	0.070479166527648	-0.412926132325511
0.65	0.36669555	0.0825989738213608	-0.446386325433557
0.7	0.3949029	0.095660542496974	-0.479700315784822
0.75	0.42311025	0.109659748562156	-0.512868103379305
0.8	0.4513176	0.124592468024576	-0.545889688217007
0.85	0.47952495	0.140454576891902	-0.578765070297928
0.9	0.5077323	0.157241951171802	-0.611494249622067
0.95	0.53593965	0.174950466871945	-0.644077226189424
1	0.564147	0.193576	-0.676514
1.05	0.59250955	0.213087300040245	-0.698940935121036
1.1	0.6208721	0.233201113018089	-0.719000513913541
1.15	0.64923465	0.253850294671297	-0.736692736377517
1.2	0.6775972	0.274967700737632	-0.752017602512962
1.25	0.70595975	0.296486186954859	-0.764975112319877
1.3	0.7343223	0.318338609060743	-0.775565265798262
1.35	0.76268485	0.340457822793047	-0.783788062948118
1.4	0.7910474	0.362776683889536	-0.789643503769443
1.45	0.81940995	0.385228048087974	-0.793131588262238
1.5	0.8477725	0.407744771126125	-0.794252316426503
1.55	0.87613505	0.430259708741754	-0.793005688262238
1.6	0.9044976	0.452705716672624	-0.789391703769443
1.65	0.93286015	0.475015650656501	-0.783410362948118
1.7	0.9612227	0.497122366431147	-0.775061665798263
1.75	0.98958525	0.518958719734328	-0.764345612319878
1.8	1.0179478	0.540457566303808	-0.751262202512962
1.85	1.04631035	0.561551761877351	-0.735811436377517
1.9	1.0746729	0.582174162192721	-0.717993313913541
1.95	1.10303545	0.602257622987683	-0.697807835121036
2	1.131398	0.621735	-0.675255
2.05	1.1598832	0.64057263895238	-0.647268587092244
2.1	1.1883684	0.65860429227064	-0.618665217648463
2.15	1.2168536	0.67581238582446	-0.589444891668656
2.2	1.2453388	0.69217934548352	-0.559607609152823
2.25	1.273824	0.7076875971175	-0.529153370100965
2.3	1.3023092	0.72231956659608	-0.498082174513081
2.35	1.3307944	0.73605767978894	-0.466394022389171
2.4	1.3592796	0.74888436256576	-0.434088913729235
2.45	1.3877648	0.76078204079622	-0.401166848533274
2.5	1.41625	0.77173314035	-0.367627826801286
2.55	1.4447352	0.78172008709678	-0.333471848533273
2.6	1.4732204	0.79072530690624	-0.298698913729235
2.65	1.5017056	0.79873122564806	-0.26330902238917
2.7	1.5301908	0.80572026919192	-0.22730217451308
2.75	1.558676	0.8116748634075	-0.190678370100965
2.8	1.5871612	0.81657743416448	-0.153437609152823
2.85	1.6156464	0.82041040733254	-0.115579891668656
2.9	1.6441316	0.82315620878136	-0.0771052176484631
2.95	1.6726168	0.82479726438062	-0.0380135870922445
3	1.701102	0.825316	0.001695
3.05	1.7290752	0.824724496332175	0.0404530852628588
3.1	1.7570484	0.8230607765446	0.0783552404980482
3.15	1.7850216	0.820348783739125	0.115401465705568
3.2	1.8129948	0.8166124610176	0.151591760885419
3.25	1.840968	0.811875751481875	0.186926126037601
3.3	1.8689412	0.8061625982338	0.221404561162113
3.35	1.8969144	0.799496944375225	0.255027066258955
3.4	1.9248876	0.791902733008	0.287793641328129
3.45	1.9528608	0.783403907233975	0.319704286369633
3.5	1.980834	0.774024410155	0.350759001383467
3.55	2.0088072	0.763788184872925	0.380957786369633
3.6	2.0367804	0.7527191744896	0.410300641328129
3.65	2.0647536	0.740841322106875	0.438787566258955
3.7	2.0927268	0.7281785708266	0.466418561162113
3.75	2.1207	0.714754863750625	0.493193626037601
3.8	2.1486732	0.7005941439808	0.519112760885419
3.85	2.1766464	0.685720354618975	0.544175965705568
3.9	2.2046196	0.670157438767	0.568383240498048
3.95	2.2325928	0.653929339526725	0.591734585262859
4	2.260566	0.637060	0.614230
4.05	2.28844645	0.619687814608282	0.631643575922775
4.1	2.3163269	0.601856695414527	0.647151549116836
4.15	2.34420735	0.583619771480332	0.660753919582184
4.2	2.3720878	0.565030171867296	0.67245068731882
4.25	2.39996825	0.546141025637016	0.682241852326742
4.3	2.4278487	0.527005461851089	0.690127414605951
4.35	2.45572915	0.507676609571114	0.696107374156447
4.4	2.4836096	0.488207597858688	0.70018173097823
4.45	2.51149005	0.468651555775409	0.702350485071299
4.5	2.5393705	0.449061612382875	0.702613636435656
4.55	2.56725095	0.429490896742683	0.700971185071299
4.6	2.5951314	0.409992537916432	0.69742313097823
4.65	2.62301185	0.390619664965719	0.691969474156447
4.7	2.6508923	0.371425406952141	0.684610214605951
4.75	2.67877275	0.352462892937297	0.675345352326742
4.8	2.7066532	0.333785251982784	0.66417488731882
4.85	2.73453365	0.3154456131502	0.651098819582184
4.9	2.7624141	0.297497105501143	0.636117149116836
4.95	2.79029455	0.27999285809721	0.619229875922774
5	2.818175	0.262986	0.600437
5.05	2.84584165	0.24673427975574	0.574318380190062
5.1	2.8735083	0.231210857871799	0.547788894044328
5.15	2.90117495	0.216427101643287	0.520848541562798
5.2	2.9288416	0.202394378365312	0.493497322745472
5.25	2.95650825	0.189124055332984	0.465735237592349
5.3	2.9841749	0.176627499841413	0.437562286103431
5.35	3.01184155	0.164916079185707	0.408978468278717
5.4	3.0395082	0.154001160660976	0.379983784118207
5.45	3.06717485	0.143894111562329	0.350578233621901
5.5	3.0948415	0.134606299184875	0.320761816789799
5.55	3.12250815	0.126149090823724	0.290534533621901
5.6	3.1501748	0.118533853773984	0.259896384118207
5.65	3.17784145	0.111771955330765	0.228847368278717
5.7	3.2055081	0.105874762789177	0.197387486103431
5.75	3.23317475	0.100853643444328	0.165516737592349
5.8	3.2608414	0.096719964591328	0.133235122745471
5.85	3.28850805	0.0934850935252859	0.100542641562797
5.9	3.3161747	0.0911603975413111	0.0674392940443276
5.95	3.34384135	0.0897572439345127	0.0339250801900617
6	3.371508	0.089287	0.000000