0	0.000000	0.000000	0.000000
0.05	0.0265266	0.0003911719281005	-0.0294122718520843
0.1	0.0530532	0.001556142569644	-0.0583413414039492
0.15	0.0795798	0.0034820942104935	-0.0867872086555947
0.2	0.1061064	0.006156209136512	-0.114749873607021
0.25	0.132633	0.0095656696335625	-0.142229336258228
0.3	0.1591596	0.013697657987508	-0.169225596609215
0.35	0.1856862	0.0185393564842115	-0.195738654659983
0.4	0.2122128	0.024077947409536	-0.221768510410531
0.45	0.2387394	0.0303006130493445	-0.24731516386086
0.5	0.265266	0.0371945356895	-0.27237861501097
0.55	0.2917926	0.0447468976158655	-0.29695886386086
0.6	0.3183192	0.052944881114304	-0.321055910410531
0.65	0.3448458	0.0617756684706785	-0.344669754659983
0.7	0.3713724	0.071226441970852	-0.367800396609215
0.75	0.397899	0.0812843839006875	-0.390447836258228
0.8	0.4244256	0.091936676546048	-0.412612073607021
0.85	0.4509522	0.103170502192796	-0.434293108655595
0.9	0.4774788	0.114973043126796	-0.455490941403949
0.95	0.5040054	0.127331481633909	-0.476205571852084
1	0.530532	0.140233	-0.496437
1.05	0.55675185	0.153392254108902	-0.507105355405323
1.1	0.5829717	0.166813896324988	-0.516451462873243
1.15	0.60919155	0.180463257505676	-0.524475322403761
1.2	0.6354114	0.194305668508384	-0.531176933996876
1.25	0.66163125	0.208306460190531	-0.536556297652589
1.3	0.6878511	0.222430963409536	-0.5406134133709
1.35	0.71407095	0.236644509022817	-0.543348281151808
1.4	0.7402908	0.250912427887792	-0.544760900995314
1.45	0.76651065	0.26520005086188	-0.544851272901418
1.5	0.7927305	0.2794727088025	-0.543619396870119
1.55	0.81895035	0.29369573256707	-0.541065272901418
1.6	0.8451702	0.307834453013008	-0.537188900995314
1.65	0.87139005	0.321854200997733	-0.531990281151808
1.7	0.8976099	0.335720307378664	-0.5254694133709
1.75	0.92382975	0.349398103013219	-0.517626297652589
1.8	0.9500496	0.362852918758816	-0.508460933996876
1.85	0.97626945	0.376050085472874	-0.497973322403761
1.9	1.0024893	0.388954934012812	-0.486163462873243
1.95	1.02870915	0.401532795236048	-0.473031355405323
2	1.054929	0.413749	-0.458577
2.05	1.0811733	0.425535559224687	-0.439580052561899
2.1	1.1074176	0.436818710917254	-0.420213810117283
2.15	1.1336619	0.447588763188762	-0.40047827266615
2.2	1.1599062	0.457836024150272	-0.380373440208503
2.25	1.1861505	0.467550801912844	-0.359899312744339
2.3	1.2123948	0.476723404587538	-0.33905589027366
2.35	1.2386391	0.485344140285415	-0.317843172796465
2.4	1.2648834	0.493403317117536	-0.296261160312754
2.45	1.2911277	0.500891243194961	-0.274309852822527
2.5	1.317372	0.50779822662875	-0.251989250325785
2.55	1.3436163	0.514114575529964	-0.229299352822527
2.6	1.3698606	0.519830598009664	-0.206240160312754
2.65	1.3961049	0.52493660217891	-0.182811672796465
2.7	1.4223492	0.529422896148762	-0.15901389027366
2.75	1.4485935	0.533279788030281	-0.134846812744339
2.8	1.4748378	0.536497585934528	-0.110310440208503
2.85	1.5010821	0.539066597972563	-0.0854047726661505
2.9	1.5273264	0.540977132255446	-0.0601298101172827
2.95	1.5535707	0.542219496894238	-0.0344855525618993
3	1.579815	0.542784	-0.008472
3.05	1.60391615	0.542700169023676	0.01533651286032
3.1	1.6280173	0.542049183403204	0.03859252963008
3.15	1.65211845	0.540844358929739	0.06129605030928
3.2	1.6762196	0.539099011394432	0.08344707489792
3.25	1.70032075	0.536826456588438	0.105045603396
3.3	1.7244219	0.534040010302908	0.12609163580352
3.35	1.74852305	0.530752988328997	0.14658517212048
3.4	1.7726242	0.526978706457856	0.16652621234688
3.45	1.79672535	0.52273048048064	0.18591475648272
3.5	1.8208265	0.5180216261885	0.204750804528
3.55	1.84492765	0.512865459372591	0.22303435648272
3.6	1.8690288	0.507275295824064	0.24076541234688
3.65	1.89312995	0.501264451334073	0.25794397212048
3.7	1.9172311	0.494846241693772	0.27457003580352
3.75	1.94133225	0.488033982694312	0.290643603396
3.8	1.9654334	0.480840990126848	0.30616467489792
3.85	1.98953455	0.473280579782531	0.32113325030928
3.9	2.0136357	0.465366067452516	0.33554932963008
3.95	2.03773685	0.457110768927954	0.34941291286032
4	2.061838	0.448528	0.362724
4.05	2.0861841	0.439545437030865	0.374984128321374
4.1	2.1105302	0.43027881797764	0.386058832608919
4.15	2.1348763	0.420757003292395	0.395948112862635
4.2	2.1592224	0.4110088534272	0.404651969082522
4.25	2.1835685	0.401063228834125	0.412170401268581
4.3	2.2079146	0.39094898996524	0.41850340942081
4.35	2.2322607	0.380694997272615	0.423650993539211
4.4	2.2566068	0.37033011120832	0.427613153623783
4.45	2.2809529	0.359883192224425	0.430389889674527
4.5	2.305299	0.349383100773	0.431981201691441
4.55	2.3296451	0.338858697306115	0.432387089674527
4.6	2.3539912	0.32833884227584	0.431607553623783
4.65	2.3783373	0.317852396134245	0.429642593539211
4.7	2.4026834	0.3074282193334	0.42649220942081
4.75	2.4270295	0.297095172325375	0.422156401268581
4.8	2.4513756	0.28688211556224	0.416635169082522
4.85	2.4757217	0.276817909496065	0.409928512862635
4.9	2.5000678	0.26693141457892	0.402036432608919
4.95	2.5244139	0.257251491262875	0.392958928321374
5	2.548760	0.247807	0.382696
5.05	2.5733283	0.238566319901538	0.369444936583565
5.1	2.5978966	0.229658803978384	0.355574532474123
5.15	2.6224649	0.221099668378486	0.341084787671675
5.2	2.6470332	0.212904129249792	0.325975702176219
5.25	2.6716015	0.20508740274025	0.310247275987757
5.3	2.6961698	0.197664704997808	0.293899509106288
5.35	2.7207381	0.190651252170414	0.276932401531812
5.4	2.7453064	0.184062260406016	0.259345953264329
5.45	2.7698747	0.177912945852562	0.241140164303839
5.5	2.794443	0.172218524658	0.222315034650342
5.55	2.8190113	0.166994212970278	0.202870564303839
5.6	2.8435796	0.162255226937344	0.182806753264329
5.65	2.8681479	0.158016782707146	0.162123601531812
5.7	2.8927162	0.154294096427632	0.140821109106288
5.75	2.9172845	0.15110238424675	0.118899275987757
5.8	2.9418528	0.148456862312448	0.0963581021762192
5.85	2.9664211	0.146372746772674	0.0731975876716747
5.9	2.9909894	0.144865253775376	0.0494177324741233
5.95	3.0155577	0.143949599468502	0.0250185365835652
6	3.040126	0.143641	0.000000