0	0.000000	0.000000	0.000000
0.05	0.0231231	0.00030643021930725	-0.0263278316906795
0.1	0.0462462	0.001209403462638	-0.0515971495191821
0.15	0.0693693	0.00268444360810575	-0.075807953485508
0.2	0.0924924	0.004707074533824	-0.0989602435896571
0.25	0.1156155	0.00725282011790625	-0.121054019831629
0.3	0.1387386	0.010297204238466	-0.142089282211425
0.35	0.1618617	0.0138157507736167	-0.162066030729044
0.4	0.1849848	0.017783983601472	-0.180984265384486
0.45	0.2081079	0.0221774266001452	-0.198843986177751
0.5	0.231231	0.02697160364775	-0.215645193108839
0.55	0.2543541	0.0321420386223998	-0.231387886177751
0.6	0.2774772	0.037664255402208	-0.246072065384486
0.65	0.3006003	0.0435137778652882	-0.259697730729044
0.7	0.3237234	0.049666129889754	-0.272264882211425
0.75	0.3468465	0.0560968353537187	-0.283773519831629
0.8	0.3699696	0.062781418135296	-0.294223643589657
0.85	0.3930927	0.0696954021125992	-0.303615253485508
0.9	0.4162158	0.076814311163742	-0.311948349519182
0.95	0.4393389	0.0841136691668377	-0.319222931690679
1	0.462462	0.091569	-0.325439
1.05	0.48577655	0.0991803571756959	-0.327407000382921
1.1	0.5090911	0.106831886495227	-0.328885100725534
1.15	0.53240565	0.114512166159609	-0.32987330102784
1.2	0.5557202	0.122209774369856	-0.330371601289838
1.25	0.57903475	0.129913289326984	-0.330380001511529
1.3	0.6023493	0.137611289232009	-0.329898501692913
1.35	0.62566385	0.145292352285945	-0.328927101833989
1.4	0.6489784	0.152945056689808	-0.327465801934757
1.45	0.67229295	0.160557980644613	-0.325514601995219
1.5	0.6956075	0.168119702351375	-0.323073502015372
1.55	0.71892205	0.17561880001111	-0.320142501995219
1.6	0.7422366	0.183043851824832	-0.316721601934757
1.65	0.76555115	0.190383435993557	-0.312810801833989
1.7	0.7888657	0.197626130718301	-0.308410101692913
1.75	0.81218025	0.204760514200078	-0.303519501511529
1.8	0.8354948	0.211775164639904	-0.298139001289838
1.85	0.85880935	0.218658660238794	-0.29226860102784
1.9	0.8821239	0.225399579197763	-0.285908300725534
1.95	0.90543845	0.231986499717827	-0.279058100382921
2	0.928753	0.238408	-0.271718
2.05	0.9521487	0.244623528676352	-0.259597509838389
2.1	0.9755444	0.250553812763496	-0.24733363969379
2.15	0.9989401	0.256195497786364	-0.234926389566202
2.2	1.0223358	0.261545229269888	-0.222375759455626
2.25	1.0457315	0.266599652739	-0.209681749362062
2.3	1.0691272	0.271355413718632	-0.19684435928551
2.35	1.0925229	0.275809157733716	-0.183863589225969
2.4	1.1159186	0.279957530309184	-0.17073943918344
2.45	1.1393143	0.283797176969968	-0.157471909157922
2.5	1.16271	0.287324743241	-0.144060999149416
2.55	1.1861057	0.290536874647212	-0.130506709157922
2.6	1.2095014	0.293430216713536	-0.11680903918344
2.65	1.2328971	0.296001414964904	-0.102967989225969
2.7	1.2562928	0.298247114926248	-0.0889835592855098
2.75	1.2796885	0.3001639621225	-0.0748557493620623
2.8	1.3030842	0.301748602078592	-0.0605845594556265
2.85	1.3264799	0.302997680319456	-0.0461699895662024
2.9	1.3498756	0.303907842370024	-0.0316120396937899
2.95	1.3732713	0.304475733755228	-0.0169107098383891
3	1.396667	0.304698	-0.002066
3.05	1.4200319	0.30458418894447	0.0118208217634144
3.1	1.4433968	0.30414501871524	0.0257842517622588
3.15	1.4667617	0.30337869936855	0.0398242899965333
3.2	1.4901266	0.30228344096064	0.0539409364662379
3.25	1.5134915	0.30085745354775	0.0681341911713725
3.3	1.5368564	0.29909894718612	0.0824040541119372
3.35	1.5602213	0.29700613193199	0.096750525287932
3.4	1.5835862	0.2945772178416	0.111173604699357
3.45	1.6069511	0.29181041497119	0.125673292346212
3.5	1.630316	0.288703933377	0.140249588228497
3.55	1.6536809	0.28525598311527	0.154902492346212
3.6	1.6770458	0.28146477424224	0.169632004699357
3.65	1.7004107	0.27732851681415	0.184438125287932
3.7	1.7237756	0.27284542088724	0.199320854111937
3.75	1.7471405	0.26801369651775	0.214280191171373
3.8	1.7705054	0.26283155376192	0.229316136466238
3.85	1.7938703	0.25729720267599	0.244428689996533
3.9	1.8172352	0.2514088533162	0.259617851762259
3.95	1.8406001	0.24516471573879	0.274883621763414
4	1.863965	0.238563	0.290226
4.05	1.88726985	0.231700724984563	0.298609332327954
4.1	1.9105747	0.224648570475535	0.30652127704244
4.15	1.93387955	0.217417522090539	0.313961834143456
4.2	1.9571844	0.2100185654472	0.320931003631004
4.25	1.98048925	0.202462686163141	0.327428785505083
4.3	2.0037941	0.194760869855985	0.333455179765693
4.35	2.02709895	0.186924102143357	0.339010186412834
4.4	2.0504038	0.17896336864288	0.344093805446506
4.45	2.07370865	0.170889654972178	0.348706036866709
4.5	2.0970135	0.162713946748875	0.352846880673444
4.55	2.12031835	0.154447229590594	0.356516336866709
4.6	2.1436232	0.14610048911496	0.359714405446506
4.65	2.16692805	0.137684710939596	0.362441086412834
4.7	2.1902329	0.129210880682125	0.364696379765693
4.75	2.21353775	0.120689983960172	0.366480285505083
4.8	2.2368426	0.11213300639136	0.367792803631004
4.85	2.26014745	0.103550933593313	0.368633934143456
4.9	2.2834523	0.094954751183655	0.36900367704244
4.95	2.30675715	0.0863554447800094	0.368902032327954
5	2.330062	0.077764	0.368329
5.05	2.35317915	0.0693248083900291	0.361590010855474
5.1	2.3762963	0.061055610877393	0.353621815305109
5.15	2.39941345	0.0529848232109564	0.344424413348904
5.2	2.4225306	0.045140861139584	0.33399780498686
5.25	2.44564775	0.0375521404121406	0.322341990218977
5.3	2.4687649	0.030247076777491	0.309456969045254
5.35	2.49188205	0.0232540859844999	0.295342741465692
5.4	2.5149992	0.016601583782032	0.279999307480291
5.45	2.53811635	0.0103179859189521	0.26342666708905
5.5	2.5612335	0.00443170814412498	0.245624820291969
5.55	2.58435065	-0.00102883379358464	0.22659376708905
5.6	2.6074678	-0.006035224145312	0.206333507480291
5.65	2.63058495	-0.0105590471621924	0.184844041465692
5.7	2.6537021	-0.014571887095361	0.162125369045254
5.75	2.67681925	-0.0180453281959531	0.138177490218977
5.8	2.6999364	-0.020950954715104	0.11300040498686
5.85	2.72305355	-0.0232603509039489	0.0865941133489044
5.9	2.7461707	-0.024945101013623	0.058958615305109
5.95	2.76928785	-0.0259767892952616	0.0300939108554742
6	2.792405	-0.026327	0.000000