0	0.000000	0.000000	0.000000
0.05	0.0248273	0.00038793231592775	-0.0311474787608097
0.1	0.0496546	0.001541501934042	-0.0616770492310078
0.15	0.0744819	0.00344536785983925	-0.0915887114105944
0.2	0.0993092	0.006084189098816	-0.120882465299569
0.25	0.1241365	0.00944262465646875	-0.149558310897933
0.3	0.1489638	0.013505333538294	-0.177616248205685
0.35	0.1737911	0.0182569747497882	-0.205056277222825
0.4	0.1986184	0.023682207296448	-0.231878397949354
0.45	0.2234457	0.0297656901837698	-0.258082610385272
0.5	0.248273	0.03649208241725	-0.283668914530577
0.55	0.2731003	0.0438460430023853	-0.308637310385271
0.6	0.2979276	0.051812230944672	-0.332987797949354
0.65	0.3227549	0.0603753052496068	-0.356720377222825
0.7	0.3475822	0.069519924922686	-0.379835048205685
0.75	0.3724095	0.0792307489694063	-0.402331810897933
0.8	0.3972368	0.089492436395264	-0.424210665299569
0.85	0.4220641	0.100289646205756	-0.445471611410594
0.9	0.4468914	0.111607037406378	-0.466114649231008
0.95	0.4717187	0.123429269002627	-0.48613977876081
1	0.496546	0.135741	-0.505547
1.05	0.5213244	0.148400707625572	-0.516064359175572
1.1	0.5461028	0.161304457536896	-0.525244985806347
1.15	0.5708812	0.174419127640284	-0.533088879892325
1.2	0.5956596	0.187711595842048	-0.539596041433506
1.25	0.620438	0.2011487400485	-0.54476647042989
1.3	0.6452164	0.214697438165952	-0.548600166881477
1.35	0.6699948	0.228324568100716	-0.551097130788267
1.4	0.6947732	0.241997007759104	-0.55225736215026
1.45	0.7195516	0.255681635047428	-0.552080860967455
1.5	0.74433	0.269345327872	-0.550567627239854
1.55	0.7691084	0.282954964139132	-0.547717660967456
1.6	0.7938868	0.296477421755136	-0.54353096215026
1.65	0.8186652	0.309879578626324	-0.538007530788267
1.7	0.8434436	0.323128312659008	-0.531147366881477
1.75	0.868222	0.3361905017595	-0.522950470429891
1.8	0.8930004	0.349033023834112	-0.513416841433507
1.85	0.9177788	0.361622756789156	-0.502546479892326
1.9	0.9425572	0.373926578530944	-0.490339385806348
1.95	0.9673356	0.385911366965788	-0.476795559175572
2	0.992114	0.397544	-0.461915
2.05	1.01694085	0.408756927269006	-0.441329261651101
2.1	1.0417677	0.419455341277967	-0.42046686944419
2.15	1.06659455	0.429632373583049	-0.39932782337927
2.2	1.0914214	0.439281155740416	-0.377912123456339
2.25	1.11624825	0.448394819306234	-0.356219769675397
2.3	1.1410751	0.456966495836669	-0.334250762036444
2.35	1.16590195	0.464989316887885	-0.312005100539481
2.4	1.1907288	0.472456414016048	-0.289482785184508
2.45	1.21555565	0.479360918777323	-0.266683815971524
2.5	1.2403825	0.485695962727875	-0.243608192900529
2.55	1.26520935	0.49145467742387	-0.220255915971524
2.6	1.2900362	0.496630194421472	-0.196626985184508
2.65	1.31486305	0.501215645276847	-0.172721400539481
2.7	1.3396899	0.505204161546161	-0.148539162036444
2.75	1.36451675	0.508588874785578	-0.124080269675397
2.8	1.3893436	0.511362916551264	-0.0993447234563386
2.85	1.41417045	0.513519418399384	-0.0743325233792699
2.9	1.4389973	0.515051511886103	-0.0490436694441904
2.95	1.46382415	0.515952328567587	-0.0234781616511006
3	1.488651	0.516215	0.002364
3.05	1.5131537	0.515808699003637	0.0306949937759818
3.1	1.5376564	0.514715914323874	0.058397309259755
3.15	1.5621591	0.512952050276302	0.0854709464513196
3.2	1.5866618	0.510532511176512	0.111915905350676
3.25	1.6111645	0.507472701340094	0.137732185957823
3.3	1.6356672	0.503788025082638	0.162919788272762
3.35	1.6601699	0.499493886719735	0.187478712295492
3.4	1.6846726	0.494605690566976	0.211408958026013
3.45	1.7091753	0.489138840939951	0.234710525464326
3.5	1.733678	0.48310874215425	0.257383414610431
3.55	1.7581807	0.476530798525464	0.279427625464326
3.6	1.7826834	0.469420414369184	0.300843158026013
3.65	1.8071861	0.461792994001	0.321630012295492
3.7	1.8316888	0.453663941736502	0.341788188272762
3.75	1.8561915	0.445048661891281	0.361317685957823
3.8	1.8806942	0.435962558780928	0.380218505350675
3.85	1.9051969	0.426421036721033	0.398490646451319
3.9	1.9296996	0.416439500027186	0.416134109259755
3.95	1.9542023	0.406033353014978	0.433148893775982
4	1.978705	0.395218	0.449535
4.05	2.00324035	0.384006163884775	0.464159006054371
4.1	2.0277757	0.372453132659617	0.477347532524072
4.15	2.05231105	0.360594126318555	0.489100579409102
4.2	2.0768464	0.348464364855616	0.499418146709462
4.25	2.10138175	0.336099068264828	0.50830023442515
4.3	2.1259171	0.323533456540219	0.515746842556169
4.35	2.15045245	0.310802749675816	0.521757971102516
4.4	2.1749878	0.297942167665648	0.526333620064193
4.45	2.19952315	0.284986930503742	0.529473789441199
4.5	2.2240585	0.271972258184125	0.531178479233534
4.55	2.24859385	0.258933370700826	0.531447689441199
4.6	2.2731292	0.245905488047872	0.530281420064193
4.65	2.29766455	0.232923830219291	0.527679671102516
4.7	2.3221999	0.220023617209111	0.523642442556169
4.75	2.34673525	0.207240069011359	0.518169734425151
4.8	2.3712706	0.194608405620064	0.511261546709462
4.85	2.39580595	0.182163847029253	0.502917879409102
4.9	2.4203413	0.169941613232953	0.493138732524072
4.95	2.44487665	0.157976924225193	0.481924106054371
5	2.469412	0.146305	0.469274
5.05	2.49405425	0.134989065578084	0.449085839783248
5.1	2.5186965	0.12417486109307	0.428552885905102
5.15	2.54333875	0.113870883036561	0.407675138365561
5.2	2.567981	0.10408562790016	0.386452597164626
5.25	2.59262325	0.0948275921754687	0.364885262302296
5.3	2.6172655	0.08610527235409	0.342973133778571
5.35	2.64190775	0.0779271649276262	0.320716211593452
5.4	2.66655	0.07030176638768	0.298114495746939
5.45	2.69119225	0.0632375732258537	0.275167986239031
5.5	2.7158345	0.05674308193375	0.251876683069728
5.55	2.74047675	0.0508267890029712	0.228240586239031
5.6	2.765119	0.04549719092512	0.204259695746939
5.65	2.78976125	0.0407627841917987	0.179934011593452
5.7	2.8144035	0.03663206529461	0.155263533778571
5.75	2.83904575	0.0331135307251562	0.130248262302296
5.8	2.863688	0.03021567697504	0.104888197164626
5.85	2.88833025	0.0279470005358637	0.0791833383655612
5.9	2.9129725	0.02631599789923	0.0531336859051021
5.95	2.93761475	0.0253311655567412	0.0267392397832484
6	2.962257	0.025001	0.000000