0	0.000000	0.000000	0.000000
0.05	0.0204516	0.00012887970087	-0.012632318645485
0.1	0.0409032	0.00051788570856	-0.0254382353282873
0.15	0.0613548	0.00117056838069	-0.038417750048407
0.2	0.0818064	0.00209047807488	-0.051570862805844
0.25	0.102258	0.00328116514875	-0.0648975736005985
0.3	0.1227096	0.00474617995992	-0.0783978824326703
0.35	0.1431612	0.00648907286601	-0.0920717893020595
0.4	0.1636128	0.00851339422464	-0.105919294208766
0.45	0.1840644	0.01082269439343	-0.11994039715279
0.5	0.204516	0.01342052373	-0.134135098134131
0.55	0.2249676	0.01631043259197	-0.14850339715279
0.6	0.2454192	0.01949597133696	-0.163045294208766
0.65	0.2658708	0.02298069032259	-0.177760789302059
0.7	0.2863224	0.02676813990648	-0.19264988243267
0.75	0.306774	0.03086187044625	-0.207712573600598
0.8	0.3272256	0.03526543229952	-0.222948862805844
0.85	0.3476772	0.03998237582391	-0.238358750048407
0.9	0.3681288	0.04501625137704	-0.253942235328287
0.95	0.3885804	0.05037060931653	-0.269699318645485
1	0.409032	0.056049	-0.285630
1.05	0.42932285	0.0619666195770999	-0.297512488684413
1.1	0.4496137	0.068116997786689	-0.308572225928362
1.15	0.46990455	0.0744834403027016	-0.318809211731846
1.2	0.4901954	0.081049252799072	-0.328223446094865
1.25	0.51048625	0.0877977409497344	-0.33681492901742
1.3	0.5307771	0.094712210428623	-0.344583660499511
1.35	0.55106795	0.101775966909672	-0.351529640541137
1.4	0.5713588	0.108972316066816	-0.357652869142298
1.45	0.59164965	0.116284563573989	-0.362953346302995
1.5	0.6119405	0.123696015105125	-0.367431072023227
1.55	0.63223135	0.131189976334159	-0.371086046302995
1.6	0.6525222	0.138749752935024	-0.373918269142298
1.65	0.67281305	0.146358650581655	-0.375927740541137
1.7	0.6931039	0.153999974947987	-0.377114460499511
1.75	0.71339475	0.161657031707953	-0.37747842901742
1.8	0.7336856	0.169313126535488	-0.377019646094865
1.85	0.75397645	0.176951565104526	-0.375738111731846
1.9	0.7742673	0.184555653089001	-0.373633825928362
1.95	0.79455815	0.192108696162848	-0.370706788684413
2	0.814849	0.199594	-0.366957
2.05	0.8348883	0.206910056300667	-0.363157368592728
2.1	0.8549276	0.214146575443294	-0.359018882596747
2.15	0.8749669	0.221296767019122	-0.354541542012059
2.2	0.8950062	0.228353840619392	-0.349725346838662
2.25	0.9150455	0.235311005835344	-0.344570297076557
2.3	0.9350848	0.242161472258218	-0.339076392725744
2.35	0.9551241	0.248898449479255	-0.333243633786223
2.4	0.9751634	0.255515147089696	-0.327072020257993
2.45	0.9952027	0.262004774680781	-0.320561552141055
2.5	1.015242	0.26836054184375	-0.31371222943541
2.55	1.0352813	0.274575658169844	-0.306524052141055
2.6	1.0553206	0.280643333250304	-0.298997020257993
2.65	1.0753599	0.28655677667637	-0.291131133786223
2.7	1.0953992	0.292309198039282	-0.282926392725744
2.75	1.1154385	0.297893806930281	-0.274382797076557
2.8	1.1354778	0.303303812940608	-0.265500346838662
2.85	1.1555171	0.308532425661503	-0.256279042012059
2.9	1.1755564	0.313572854684206	-0.246718882596747
2.95	1.1955957	0.318418309599958	-0.236819868592728
3	1.215635	0.323062	-0.226582
3.05	1.23559135	0.327480396391326	-0.216197461411324
3.1	1.2555477	0.331689962662239	-0.20565331109514
3.15	1.27550405	0.33568751354524	-0.194949549051448
3.2	1.2954604	0.339469863772832	-0.184086175280249
3.25	1.31541675	0.343033828077516	-0.173063189781542
3.3	1.3353731	0.346376221191793	-0.161880592555327
3.35	1.35532945	0.349493857848166	-0.150538383601604
3.4	1.3752858	0.352383552779136	-0.139036562920374
3.45	1.39524215	0.355042120717205	-0.127375130511635
3.5	1.4151985	0.357466376394875	-0.115554086375389
3.55	1.43515485	0.359653134544647	-0.103573430511635
3.6	1.4551112	0.361599209899024	-0.0914331629203736
3.65	1.47506755	0.363301417190507	-0.0791332836016041
3.7	1.4950239	0.364756571151597	-0.0666737925553269
3.75	1.51498025	0.365961486514797	-0.0540546897815418
3.8	1.5349366	0.366912978012608	-0.041275975280249
3.85	1.55489295	0.367607860377532	-0.0283376490514485
3.9	1.5748493	0.368042948342071	-0.0152397110951401
3.95	1.59480565	0.368215056638726	-0.00198216141132396
4	1.614762	0.368121	0.011435
4.05	1.6394007	0.367683394032378	0.0240010900785959
4.1	1.6640394	0.366942514169008	0.036052686464708
4.15	1.6886781	0.365911036865629	0.0475897891583363
4.2	1.7133168	0.364601638577984	0.0586123981594808
4.25	1.7379555	0.363026995761812	0.0691205134681416
4.3	1.7625942	0.361199784872856	0.0791141350843186
4.35	1.7872329	0.359132682366855	0.0885932630080118
4.4	1.8118716	0.356838364699552	0.0975578972392212
4.45	1.8365103	0.354329508326686	0.106008037777947
4.5	1.861149	0.351618789704	0.113943684624189
4.55	1.8857877	0.348718885287233	0.121364837777947
4.6	1.9104264	0.345642471532128	0.128271497239221
4.65	1.9350651	0.342402224894424	0.134663663008012
4.7	1.9597038	0.339010821829864	0.140541335084319
4.75	1.9843425	0.335480938794187	0.145904513468142
4.8	2.0089812	0.331825252243136	0.150753198159481
4.85	2.0336199	0.32805643863245	0.155087389158336
4.9	2.0582586	0.324187174417872	0.158907086464708
4.95	2.0828973	0.320230136055141	0.162212290078596
5	2.107536	0.316198	0.165003
5.05	2.13208315	0.312187958564216	0.161632933501277
5.1	2.1566303	0.308266947505851	0.15774917400242
5.15	2.18117745	0.304447576524032	0.153351721503428
5.2	2.2057246	0.300742455317888	0.148440576004302
5.25	2.23027175	0.297164193586547	0.143015737505041
5.3	2.2548189	0.293725401029137	0.137077206005646
5.35	2.27936605	0.290438687344787	0.130624981506117
5.4	2.3039132	0.287316662232624	0.123659064006453
5.45	2.32846035	0.284371935391777	0.116179453506654
5.5	2.3530075	0.281617116521375	0.108186150006722
5.55	2.37755465	0.279064815320545	0.0996791535066543
5.6	2.4021018	0.276727641488416	0.0906584640064527
5.65	2.42664895	0.274618204724116	0.0811240815061166
5.7	2.4511961	0.272749114726773	0.0710760060056461
5.75	2.47574325	0.271132981195516	0.0605142375050412
5.8	2.5002904	0.269782413829472	0.0494387760043018
5.85	2.52483755	0.26871002232777	0.037849621503428
5.9	2.5493847	0.267928416389539	0.0257467740024198
5.95	2.57393185	0.267450205713906	0.0131302335012771
6	2.598479	0.267288	0.000000