0	0.000000	0.000000	0.000000
0.05	0.02929025	0.000343098417238125	-0.0234511824490018
0.1	0.0585805	0.001375170317955	-0.0470445614823192
0.15	0.08787075	0.00310038067565438	-0.0707801370999522
0.2	0.117161	0.00552289446384	-0.0946579093019008
0.25	0.14645125	0.00864687665601563	-0.118677878088165
0.3	0.1757415	0.012476492225685	-0.142840043458745
0.35	0.20503175	0.0170159061463519	-0.16714440541364
0.4	0.234322	0.02226928339152	-0.191590963952851
0.45	0.26361225	0.0282407889346931	-0.216179719076378
0.5	0.2929025	0.034934587749375	-0.24091067078422
0.55	0.32219275	0.0423548448090694	-0.265783819076378
0.6	0.351483	0.05050572508728	-0.290799163952851
0.65	0.38077325	0.0593913935575106	-0.31595670541364
0.7	0.4100635	0.069016015193265	-0.341256443458745
0.75	0.43935375	0.0793837549680469	-0.366698378088165
0.8	0.468644	0.09049877785536	-0.392282509301901
0.85	0.49793425	0.102365248828708	-0.418008837099952
0.9	0.5272245	0.114987332861595	-0.443877361482319
0.95	0.55651475	0.128369194927524	-0.469888082449002
1	0.585805	0.142515	-0.496041
1.05	0.61484115	0.15712306778867	-0.509964377903863
1.1	0.6438773	0.172118579295512	-0.522727989712582
1.15	0.67291345	0.187467859378222	-0.534331835426158
1.2	0.7019496	0.203137232894496	-0.544775915044591
1.25	0.73098575	0.219093024702031	-0.55406022856788
1.3	0.7600219	0.235301559658524	-0.562184775996026
1.35	0.78905805	0.251729162621671	-0.569149557329028
1.4	0.8180942	0.268342158449168	-0.574954572566887
1.45	0.84713035	0.285106871998712	-0.579599821709602
1.5	0.8761665	0.301989628128	-0.583085304757174
1.55	0.90520265	0.318956751694728	-0.585411021709602
1.6	0.9342388	0.335974567556592	-0.586576972566887
1.65	0.96327495	0.353009400571289	-0.586583157329028
1.7	0.9923111	0.370027575596516	-0.585429575996026
1.75	1.02134725	0.386995417489969	-0.58311622856788
1.8	1.0503834	0.403879251109344	-0.579643115044591
1.85	1.07941955	0.420645401312338	-0.575010235426159
1.9	1.1084557	0.437260192956648	-0.569217589712583
1.95	1.13749185	0.45368995089997	-0.562265177903863
2	1.166528	0.469901	-0.554153
2.05	1.19548755	0.485648990628346	-0.533316370724627
2.1	1.2244471	0.500783488924189	-0.511784086636136
2.15	1.25340665	0.515284349037185	-0.489556147734525
2.2	1.2823662	0.529131425116992	-0.466632554019797
2.25	1.31132575	0.542304571313266	-0.443013305491949
2.3	1.3402853	0.554783641775663	-0.418698402150983
2.35	1.36924485	0.566548490653841	-0.393687843996898
2.4	1.3982044	0.577578972097456	-0.367981631029695
2.45	1.42716395	0.587854940256165	-0.341579763249373
2.5	1.4561235	0.597356249279625	-0.314482240655932
2.55	1.48508305	0.606062753317492	-0.286689063249373
2.6	1.5140426	0.613954306519424	-0.258200231029695
2.65	1.54300215	0.621010763035077	-0.229015743996898
2.7	1.5719617	0.627211977014107	-0.199135602150983
2.75	1.60092125	0.632537802606172	-0.168559805491949
2.8	1.6298808	0.636968093960928	-0.137288354019796
2.85	1.65884035	0.640482705228032	-0.105321247734525
2.9	1.6877999	0.643061490557141	-0.0726584866361355
2.95	1.71675945	0.644684304097911	-0.0393000707246271
3	1.745719	0.645331	-0.005246
3.05	1.7734556	0.644970869054671	0.0310419682071884
3.1	1.8011922	0.643618541567012	0.0662982081820411
3.15	1.8289288	0.641302634170311	0.100522719924558
3.2	1.8566654	0.638051763497856	0.13371550343474
3.25	1.884402	0.633894546182938	0.165876558712586
3.3	1.9121386	0.628859598858844	0.197005885758096
3.35	1.9398752	0.622975538158865	0.227103484571271
3.4	1.9676118	0.616270980716288	0.25616935515211
3.45	1.9953484	0.608774543164403	0.284203497500613
3.5	2.023085	0.6005148421365	0.311205911616781
3.55	2.0508216	0.591520494265867	0.337176597500613
3.6	2.0785582	0.581820116185792	0.36211555515211
3.65	2.1062948	0.571442324529565	0.38602278457127
3.7	2.1340314	0.560415735930476	0.408898285758096
3.75	2.161768	0.548768967021813	0.430742058712586
3.8	2.1895046	0.536530634436864	0.45155410343474
3.85	2.2172412	0.523729354808919	0.471334419924558
3.9	2.2449778	0.510393744771268	0.490083008182041
3.95	2.2727144	0.496552420957199	0.507799868207188
4	2.300451	0.482234	0.524485
4.05	2.3282852	0.467458194732312	0.536966000401449
4.1	2.3561194	0.452355904103256	0.547944295497481
4.15	2.3839536	0.436968954712844	0.557419885288099
4.2	2.4117878	0.421339173161088	0.5653927697733
4.25	2.439622	0.405508386048	0.571862948953086
4.3	2.4674562	0.389518419973592	0.576830422827457
4.35	2.4952904	0.373411101537876	0.580295191396411
4.4	2.5231246	0.357228257340864	0.58225725465995
4.45	2.5509588	0.341011713982568	0.582716612618074
4.5	2.578793	0.324803298063	0.581673265270782
4.55	2.6066272	0.308644836182172	0.579127212618074
4.6	2.6344614	0.292578154940096	0.57507845465995
4.65	2.6622956	0.276645080936784	0.569526991396411
4.7	2.6901298	0.260887440772248	0.562472822827457
4.75	2.717964	0.2453470610465	0.553915948953086
4.8	2.7457982	0.230065768359552	0.5438563697733
4.85	2.7736324	0.215085389311416	0.532294085288099
4.9	2.8014666	0.200447750502104	0.519229095497481
4.95	2.8293008	0.186194678531628	0.504661400401449
5	2.857135	0.172368	0.488591
5.05	2.88519595	0.158996684321641	0.464423854300046
5.1	2.9132569	0.146303909253251	0.440229087094824
5.15	2.94131785	0.134290449880507	0.416006698384334
5.2	2.9693788	0.122957081289088	0.391756688168576
5.25	2.99743975	0.112304578564672	0.36747905644755
5.3	3.0255007	0.102333716792937	0.343173803221256
5.35	3.05356165	0.0930452710595616	0.318840928489694
5.4	3.0816226	0.084440016450224	0.294480432252864
5.45	3.10968355	0.0765187280506024	0.270092314510766
5.5	3.1377445	0.069282180946375	0.2456765752634
5.55	3.16580545	0.0627311502232201	0.221233214510766
5.6	3.1938664	0.056866410966816	0.196762232252864
5.65	3.22192735	0.0516887382628409	0.172263628489694
5.7	3.2499883	0.047198907196973	0.147737403221256
5.75	3.27804925	0.0433976928548906	0.12318355644755
5.8	3.3061102	0.040285870322272	0.098602088168576
5.85	3.33417115	0.0378642146847953	0.073992998384334
5.9	3.3622321	0.036133501028139	0.049356287094824
5.95	3.39029305	0.0350945044379811	0.0246919543000461
6	3.418354	0.034748	0.000000