0	0.000000	0.000000	0.000000
0.05	0.0249444	0.000273505550503	-0.0218027479822726
0.1	0.0498888	0.001081403665064	-0.0428466961769375
0.15	0.0748332	0.002404766538261	-0.0631318445839948
0.2	0.0997776	0.004224666364672	-0.0826581932034444
0.25	0.124722	0.006522175338875	-0.101425742035286
0.3	0.1496664	0.009278365655448	-0.119434491079521
0.35	0.1746108	0.012474309508969	-0.136684440336148
0.4	0.1995552	0.016091079094016	-0.153175589805167
0.45	0.2244996	0.020109746605167	-0.168907939486578
0.5	0.249444	0.024511384237	-0.183881489380382
0.55	0.2743884	0.029277064184093	-0.198096239486578
0.6	0.2993328	0.034387858641024	-0.211552189805167
0.65	0.3242772	0.039824839802371	-0.224249340336148
0.7	0.3492216	0.045569079862712	-0.236187691079521
0.75	0.374166	0.051601651016625	-0.247367242035286
0.8	0.3991104	0.057903625458688	-0.257787993203444
0.85	0.4240548	0.064456075383479	-0.267449944583995
0.9	0.4489992	0.071240072985576	-0.276353096176937
0.95	0.4739436	0.078236690459557	-0.284497447982272
1	0.498888	0.085427	-0.291883
1.05	0.52400195	0.0928206690869132	-0.296812519569691
1.1	0.5491159	0.100329532891436	-0.301056763395205
1.15	0.57422985	0.107936381432793	-0.30461573147654
1.2	0.5993438	0.115624004730208	-0.307489423813697
1.25	0.62445775	0.123375192802906	-0.309677840406676
1.3	0.6495717	0.131172735670112	-0.311180981255478
1.35	0.67468565	0.13899942335105	-0.311998846360101
1.4	0.6997996	0.146838045864944	-0.312131435720546
1.45	0.72491355	0.154671393231019	-0.311578749336813
1.5	0.7500275	0.1624822554685	-0.310340787208902
1.55	0.77514145	0.170253422596611	-0.308417549336813
1.6	0.8002554	0.177967684634576	-0.305809035720546
1.65	0.82536935	0.18560783160162	-0.302515246360101
1.7	0.8504833	0.193156653516968	-0.298536181255478
1.75	0.87559725	0.200596940399844	-0.293871840406676
1.8	0.9007112	0.207911482269472	-0.288522223813697
1.85	0.92582515	0.215083069145077	-0.28248733147654
1.9	0.9509391	0.222094491045884	-0.275767163395205
1.95	0.97605305	0.228928537991117	-0.268361719569691
2	1.001167	0.235568	-0.260271
2.05	1.026136	0.241931756587933	-0.249436184324462
2.1	1.051105	0.24802307519186	-0.238448901877929
2.15	1.076074	0.253838148868977	-0.227309152660399
2.2	1.101043	0.25937317067648	-0.216016936671873
2.25	1.126012	0.264624333671563	-0.204572253912351
2.3	1.150981	0.26958783091142	-0.192975104381833
2.35	1.17595	0.274259855453247	-0.18122548808032
2.4	1.200919	0.27863660035424	-0.16932340500781
2.45	1.225888	0.282714258671592	-0.157268855164304
2.5	1.250857	0.2864890234625	-0.145061838549802
2.55	1.275826	0.289957087784158	-0.132702355164304
2.6	1.300795	0.29311464469376	-0.12019040500781
2.65	1.325764	0.295957887248503	-0.10752598808032
2.7	1.350733	0.29848300850558	-0.0947091043818335
2.75	1.375702	0.300686201522188	-0.0817397539123513
2.8	1.400671	0.30256365935552	-0.0686179366718731
2.85	1.42564	0.304111575062773	-0.0553436526603989
2.9	1.450609	0.30532614170114	-0.0419169018779286
2.95	1.475578	0.306203552327817	-0.0283376843244623
3	1.500547	0.306740	-0.014606
3.05	1.522276	0.306915428545675	-0.00158443256592571
3.1	1.544005	0.3068107459062	0.0111762435592987
3.15	1.565734	0.306431620988825	0.0236760283756731
3.2	1.587463	0.3057837227008	0.0359149218831976
3.25	1.609192	0.304872719949375	0.0478929240818722
3.3	1.630921	0.3037042816418	0.0596100349716969
3.35	1.65265	0.302284076685325	0.0710662545526716
3.4	1.674379	0.3006177739872	0.0822615828247964
3.45	1.696108	0.298711042454675	0.0931960197880713
3.5	1.717837	0.296569550995	0.103869565442496
3.55	1.739566	0.294198968515425	0.114282219788071
3.6	1.761295	0.2916049639232	0.124433982824796
3.65	1.783024	0.288793206125575	0.134324854552672
3.7	1.804753	0.2857693640298	0.143954834971697
3.75	1.826482	0.282539106543125	0.153323924081872
3.8	1.848211	0.2791081025728	0.162432121883198
3.85	1.86994	0.275482021026075	0.171279428375673
3.9	1.891669	0.2716665308102	0.179865843559299
3.95	1.913398	0.267667300832425	0.188191367434074
4	1.935127	0.263490	0.196256
4.05	1.9571156	0.259113420970333	0.20172588258609
4.1	1.9791042	0.25462284778814	0.206624477531539
4.15	2.0010928	0.250030842268837	0.210951784836347
4.2	2.0230814	0.24534996622784	0.214707804500514
4.25	2.04507	0.240592781480563	0.21789253652404
4.3	2.0670586	0.23577184984242	0.220505980906924
4.35	2.0890472	0.230899733128828	0.222548137649168
4.4	2.1110358	0.2259889931552	0.224019006750771
4.45	2.1330244	0.221052191736953	0.224918588211732
4.5	2.155013	0.2161018906895	0.225246882032053
4.55	2.1770016	0.211150651828257	0.225003888211732
4.6	2.1989902	0.20621103696864	0.224189606750771
4.65	2.2209788	0.201295607926062	0.222804037649168
4.7	2.2429674	0.19641692651594	0.220847180906924
4.75	2.264956	0.191587554553688	0.21831903652404
4.8	2.2869446	0.18682005385472	0.215219604500514
4.85	2.3089332	0.182126986234453	0.211548884836347
4.9	2.3309218	0.1775209135083	0.207306877531539
4.95	2.3529104	0.173014397491678	0.20249358258609
5	2.374899	0.168620	0.197109
5.05	2.3965304	0.164492491130603	0.184560233052391
5.1	2.4181618	0.160633363331388	0.1722949731519
5.15	2.4397932	0.157036483948015	0.160313220298524
5.2	2.4614246	0.153695720326144	0.148614974492266
5.25	2.483056	0.150604939811437	0.137200235733124
5.3	2.5046874	0.147758009749556	0.126069004021099
5.35	2.5263188	0.14514879748616	0.115221279356191
5.4	2.5479502	0.142771170366912	0.104657061738399
5.45	2.5695816	0.140618995737471	0.0943763511677238
5.5	2.591213	0.1386861409435	0.0843791476441655
5.55	2.6128444	0.136966473330659	0.0746654511677238
5.6	2.6344758	0.135453860244608	0.0652352617383989
5.65	2.6561072	0.13414216903101	0.0560885793561906
5.7	2.6777386	0.133025267035524	0.047225404021099
5.75	2.69937	0.132097021603812	0.0386457357331241
5.8	2.7210014	0.131351300081536	0.0303495744922659
5.85	2.7426328	0.130781969814355	0.0223369202985244
5.9	2.7642642	0.130382898147932	0.0146077731518996
5.95	2.7858956	0.130147952427926	0.00716213305239146
6	2.807527	0.130071	0.000000