0	0.000000	0.000000	0.000000
0.05	0.02730265	0.000434370711920125	-0.0317542847750264
0.1	0.0546053	0.001730421645171	-0.0631206290474185
0.15	0.08190795	0.00387756099598837	-0.0940990328171761
0.2	0.1092106	0.006865196960608	-0.124689496084299
0.25	0.13651325	0.0106827377352656	-0.154892018848788
0.3	0.1638159	0.015319591516197	-0.184706601110643
0.35	0.19111855	0.0207651664996379	-0.214133242869863
0.4	0.2184212	0.027008870881824	-0.243171944126449
0.45	0.24572385	0.0340401128589911	-0.271822704880401
0.5	0.2730265	0.041848300627375	-0.300085525131718
0.55	0.30032915	0.0504228423832114	-0.327960404880401
0.6	0.3276318	0.059753146322736	-0.355447344126449
0.65	0.35493445	0.0698286206421846	-0.382546342869863
0.7	0.3822371	0.080638673537793	-0.409257401110643
0.75	0.40953975	0.0921727132057969	-0.435580518848788
0.8	0.4368424	0.104420147842432	-0.461515696084299
0.85	0.46414505	0.117370385643934	-0.487062932817176
0.9	0.4914477	0.131012834806539	-0.512222229047418
0.95	0.51875035	0.145336903526482	-0.536993584775026
1	0.546053	0.160332	-0.561377
1.05	0.5732939	0.175800291705404	-0.574045494703286
1.1	0.6005348	0.191593726283634	-0.58524866891149
1.15	0.6277757	0.207672387085615	-0.59498652262461
1.2	0.6550166	0.223996357462272	-0.603259055842648
1.25	0.6822575	0.240525720764531	-0.610066268565604
1.3	0.7094984	0.257220560343318	-0.615408160793476
1.35	0.7367393	0.274040959549558	-0.619284732526266
1.4	0.7639802	0.290947001734176	-0.621695983763973
1.45	0.7912211	0.307898770248098	-0.622641914506597
1.5	0.818462	0.32485634844225	-0.622122524754138
1.55	0.8457029	0.341779819667557	-0.620137814506597
1.6	0.8729438	0.358629267274944	-0.616687783763972
1.65	0.9001847	0.375364774615337	-0.611772432526266
1.7	0.9274256	0.391946425039662	-0.605391760793476
1.75	0.9546665	0.408334301898844	-0.597545768565603
1.8	0.9819074	0.424488488543808	-0.588234455842648
1.85	1.0091483	0.44036906832548	-0.57745782262461
1.9	1.0363892	0.455936124594786	-0.56521586891149
1.95	1.0636301	0.471149740702651	-0.551508594703286
2	1.090871	0.485970	-0.536336
2.05	1.118279	0.5003469271726	-0.51271585216725
2.1	1.145687	0.5140721497904	-0.488780209369527
2.15	1.173095	0.5271370207674	-0.46452907160683
2.2	1.200503	0.5395328930176	-0.439962438879159
2.25	1.227911	0.551251119455	-0.415080311186515
2.3	1.255319	0.5622830529936	-0.389882688528897
2.35	1.282727	0.5726200465474	-0.364369570906305
2.4	1.310135	0.5822534530304	-0.338540958318739
2.45	1.337543	0.5911746253566	-0.3123968507662
2.5	1.364951	0.59937491644	-0.285937248248687
2.55	1.392359	0.6068456791946	-0.2591621507662
2.6	1.419767	0.6135782665344	-0.232071558318739
2.65	1.447175	0.6195640313734	-0.204665470906305
2.7	1.474583	0.6247943266256	-0.176943888528897
2.75	1.501991	0.629260505205	-0.148906811186515
2.8	1.529399	0.6329539200256	-0.120554238879159
2.85	1.556807	0.6358659240014	-0.0918861716068302
2.9	1.584215	0.6379878700464	-0.0629026093695272
2.95	1.611623	0.6393111110746	-0.0336035521672504
3	1.639031	0.639827	-0.003989
3.05	1.66553315	0.639501611586385	0.0284388536339929
3.1	1.6920353	0.638325224747817	0.0602320858328287
3.15	1.71853745	0.636314658316765	0.0913906965965072
3.2	1.7450396	0.633486731125696	0.121914685925029
3.25	1.77154175	0.629858262007078	0.151804053818393
3.3	1.7980439	0.625446069793379	0.1810588002766
3.35	1.82454605	0.620266973317066	0.20967892529965
3.4	1.8510482	0.614337791410608	0.237664428887543
3.45	1.87755035	0.607675342906472	0.265015311040279
3.5	1.9040525	0.600296446637125	0.291731571757857
3.55	1.93055465	0.592217921435036	0.317813211040279
3.6	1.9570568	0.583456586132672	0.343260228887543
3.65	1.98355895	0.574029259562501	0.36807262529965
3.7	2.0100611	0.563952760556991	0.3922504002766
3.75	2.03656325	0.553243907948609	0.415793553818393
3.8	2.0630654	0.541919520569824	0.438702085925029
3.85	2.08956755	0.529996417253103	0.460975996596507
3.9	2.1160697	0.517491416830913	0.482615285832829
3.95	2.14257185	0.504421338135723	0.503619953633993
4	2.169074	0.490803	0.523990
4.05	2.1956341	0.476642408799198	0.542029577226375
4.1	2.2221942	0.462025472108846	0.558353235797343
4.15	2.2487543	0.446997764900023	0.572960975712902
4.2	2.2753144	0.431604862143808	0.585852796973054
4.25	2.3018745	0.415892338811281	0.597028699577797
4.3	2.3284346	0.399905769873522	0.606488683527133
4.35	2.3549947	0.38369073030161	0.61423274882106
4.4	2.3815548	0.367292795066624	0.62026089545958
4.45	2.4081149	0.350757539139644	0.624573123442692
4.5	2.434675	0.33413053749175	0.627169432770396
4.55	2.4612351	0.317457365094021	0.628049823442692
4.6	2.4877952	0.300783596917536	0.62721429545958
4.65	2.5143553	0.284154807933375	0.624662848821061
4.7	2.5409154	0.267616573112618	0.620395483527133
4.75	2.5674755	0.251214467426344	0.614412199577797
4.8	2.5940356	0.234994065845632	0.606712996973053
4.85	2.6205957	0.219000943341562	0.597297875712902
4.9	2.6471558	0.203280674885214	0.586166835797343
4.95	2.6737159	0.187878835447667	0.573319877226375
5	2.700276	0.172841	0.558757
5.05	2.72688535	0.1582775940784	0.535764408626841
5.1	2.7534947	0.144332931863721	0.512251263714014
5.15	2.78010405	0.131020864947293	0.48821756526152
5.2	2.8067134	0.118355244920448	0.463663313269358
5.25	2.83332275	0.106349923374516	0.438588507737529
5.3	2.8599321	0.095018751900827	0.412993148666033
5.35	2.88654145	0.0843755820907129	0.386877236054869
5.4	2.9131508	0.074434265535504	0.360240769904038
5.45	2.93976015	0.0652086538265311	0.333083750213539
5.5	2.9663695	0.056712598555125	0.305406176983372
5.55	2.99297885	0.0489599513126164	0.277208050213539
5.6	3.0195882	0.041964563690336	0.248489369904038
5.65	3.04619755	0.0357402872796146	0.219250136054869
5.7	3.0728069	0.030300973671783	0.189490348666033
5.75	3.09941625	0.0256604744581719	0.159210007737529
5.8	3.1260256	0.021832641230112	0.128409113269358
5.85	3.15263495	0.0188313255789341	0.09708766526152
5.9	3.1792443	0.016670379095969	0.065245663714014
5.95	3.20585365	0.0153636533725474	0.0328831086268408
6	3.232463	0.014925	0.000000