0	0.000000	0.000000	0.000000
0.05	0.0255008	0.000436192720376	-0.0340750520394654
0.1	0.0510016	0.001730993466688	-0.0673396933379345
0.15	0.0765024	0.003863736116712	-0.0997939238954072
0.2	0.1020032	0.006813754548224	-0.131437743711884
0.25	0.127504	0.010560382639	-0.162271152787363
0.3	0.1530048	0.015082954266816	-0.192294151121847
0.35	0.1785056	0.020360803309448	-0.221506738715334
0.4	0.2040064	0.026373263644672	-0.249908915567825
0.45	0.2295072	0.033099669150264	-0.27750068167932
0.5	0.255008	0.040519353704	-0.304282037049818
0.55	0.2805088	0.048611651183656	-0.33025298167932
0.6	0.3060096	0.057355895467008	-0.355413515567825
0.65	0.3315104	0.066731420431832	-0.379763638715334
0.7	0.3570112	0.076717559955904	-0.403303351121847
0.75	0.382512	0.087293647917	-0.426032652787363
0.8	0.4080128	0.098439018192896	-0.447951543711884
0.85	0.4335136	0.110133004661368	-0.469060023895407
0.9	0.4590144	0.122354941200192	-0.489358093337935
0.95	0.4845152	0.135084161687144	-0.508845752039465
1	0.510016	0.148300	-0.527523
1.05	0.5358853	0.162127232745362	-0.541222761405701
1.1	0.5617546	0.17628858643288	-0.553354463716065
1.15	0.5876239	0.190743496471397	-0.563918106931092
1.2	0.6134932	0.20545139826976	-0.572913691050782
1.25	0.6393625	0.220371727236812	-0.580341216075135
1.3	0.6652318	0.2354639187814	-0.586200682004152
1.35	0.6911011	0.250687408312367	-0.590492088837831
1.4	0.7169704	0.26600163123856	-0.593215436576173
1.45	0.7428397	0.281366022968822	-0.594370725219179
1.5	0.768709	0.296740018912	-0.593957954766847
1.55	0.7945783	0.312083054476937	-0.591977125219179
1.6	0.8204476	0.32735456507248	-0.588428236576173
1.65	0.8463169	0.342513986107472	-0.583311288837831
1.7	0.8721862	0.35752075299076	-0.576626282004152
1.75	0.8980555	0.372334301131187	-0.568373216075135
1.8	0.9239248	0.3869140659376	-0.558552091050782
1.85	0.9497941	0.401219482818842	-0.547162906931092
1.9	0.9756634	0.41520998718376	-0.534205663716065
1.95	1.0015327	0.428845014441197	-0.519680361405701
2	1.027402	0.442084	-0.503587
2.05	1.0529713	0.454695696911317	-0.482810939683595
2.1	1.0785406	0.466770497553138	-0.461591617295233
2.15	1.1041099	0.478297068024566	-0.439929032834913
2.2	1.1296792	0.489264074424704	-0.417823186302636
2.25	1.1552485	0.499660182852656	-0.395274077698402
2.3	1.1808178	0.509474059407526	-0.37228170702221
2.35	1.2063871	0.518694370188417	-0.348846074274061
2.4	1.2319564	0.527309781294432	-0.324967179453954
2.45	1.2575257	0.535308958824675	-0.300645022561891
2.5	1.283095	0.54268056887825	-0.275879603597869
2.55	1.3086643	0.54941327755426	-0.25067092256189
2.6	1.3342336	0.555495750951808	-0.225018979453954
2.65	1.3598029	0.560916655169998	-0.198923774274061
2.7	1.3853722	0.565664656307934	-0.17238530702221
2.75	1.4109415	0.569728420464719	-0.145403577698402
2.8	1.4365108	0.573096613739456	-0.117978586302636
2.85	1.4620801	0.575757902231249	-0.0901103328349133
2.9	1.4876494	0.577700952039202	-0.0617988172952329
2.95	1.5132187	0.578914429262418	-0.0330440396835952
3	1.538788	0.579387	-0.003846
3.05	1.56313635	0.579148361487321	0.0233654700921315
3.1	1.5874847	0.578253198984046	0.0500815959640386
3.15	1.61183305	0.57671357330462	0.0763023776157214
3.2	1.6361814	0.574541545263488	0.10202781504718
3.25	1.66052975	0.571749175675094	0.127257908258414
3.3	1.6848781	0.568348525353882	0.151992657249423
3.35	1.70922645	0.564351655114297	0.176232062020209
3.4	1.7335748	0.559770625770784	0.19997612257077
3.45	1.75792315	0.554617498137787	0.223224838901106
3.5	1.7822715	0.54890433302975	0.245978211011218
3.55	1.80661985	0.542643191261118	0.268236238901106
3.6	1.8309682	0.535846133646336	0.28999892257077
3.65	1.85531655	0.528525220999848	0.311266262020209
3.7	1.8796649	0.520692514136098	0.332038257249423
3.75	1.90401325	0.512360073869531	0.352314908258414
3.8	1.9283616	0.503539961014592	0.37209621504718
3.85	1.95270995	0.494244236385725	0.391382177615721
3.9	1.9770583	0.484484960797374	0.410172795964039
3.95	2.00140665	0.474274195063984	0.428468070092131
4	2.025755	0.463624	0.446268
4.05	2.0503868	0.452455294473208	0.460356437147285
4.1	2.0750186	0.440956423108268	0.47307609670012
4.15	2.0996504	0.42916110136113	0.484426978658503
4.2	2.1242822	0.417103044687744	0.494409083022435
4.25	2.148914	0.404815968544062	0.503022409791916
4.3	2.1735458	0.392333588386036	0.510266958966946
4.35	2.1981776	0.379689619669616	0.516142730547524
4.4	2.2228094	0.366917777850752	0.520649724533652
4.45	2.2474412	0.354051778385396	0.523787940925329
4.5	2.272073	0.3411253367295	0.525557379722554
4.55	2.2967048	0.328172168339013	0.525958040925329
4.6	2.3213366	0.315225988669888	0.524989924533652
4.65	2.3459684	0.302320513178074	0.522653030547525
4.7	2.3706002	0.289489457319524	0.518947358966946
4.75	2.395232	0.276766536550187	0.513872909791916
4.8	2.4198638	0.264185466326016	0.507429683022435
4.85	2.4444956	0.25177996210296	0.499617678658503
4.9	2.4691274	0.239583739336972	0.49043689670012
4.95	2.4937592	0.227630513484001	0.479887337147286
5	2.518391	0.215954	0.467969
5.05	2.5429711	0.204662118352748	0.450705765625313
5.1	2.5675512	0.193802505796622	0.43279671907954
5.15	2.5921313	0.183391036459369	0.414241860362681
5.2	2.6167114	0.173443584468736	0.395041189474737
5.25	2.6412915	0.163976023952469	0.375194706415708
5.3	2.6658716	0.155004229038314	0.354702411185593
5.35	2.6904517	0.146544073854018	0.333564303784392
5.4	2.7150318	0.138611432527328	0.311780384212106
5.45	2.7396119	0.13122217918599	0.289350652468735
5.5	2.764192	0.12439218795775	0.266275108554277
5.55	2.7887721	0.118137332970355	0.242553752468735
5.6	2.8133522	0.112473488351552	0.218186584212106
5.65	2.8379323	0.107416528229087	0.193173603784392
5.7	2.8625124	0.102982326730706	0.167514811185593
5.75	2.8870925	0.0991867579841562	0.141210206415708
5.8	2.9116726	0.096045696117184	0.114259789474738
5.85	2.9362527	0.0935750152575358	0.0866635603626815
5.9	2.9608328	0.091790589532958	0.0584215190795399
5.95	2.9854129	0.0907082930711972	0.0295336656253127
6	3.009993	0.090344	0.000000