0	0.000000	0.000000	0.000000
0.05	0.0257728	0.00045097717704	-0.0349014894741743
0.1	0.0515456	0.00179412772352	-0.0692337168984355
0.15	0.0773184	0.00401478016248	-0.102996682272784
0.2	0.1030912	0.00709826301696	-0.136190385597219
0.25	0.128864	0.01102990481	-0.168814826871741
0.3	0.1546368	0.01579503406464	-0.20087000609635
0.35	0.1804096	0.02137897930392	-0.232355923271045
0.4	0.2061824	0.02776706905088	-0.263272578395828
0.45	0.2319552	0.03494463182856	-0.293619971470698
0.5	0.257728	0.04289699616	-0.323398102495654
0.55	0.2835008	0.05160949056824	-0.352606971470698
0.6	0.3092736	0.06106744357632	-0.381246578395828
0.65	0.3350464	0.07125618370728	-0.409316923271045
0.7	0.3608192	0.08216103948416	-0.43681800609635
0.75	0.386592	0.09376733943	-0.463749826871741
0.8	0.4123648	0.10606041206784	-0.490112385597219
0.85	0.4381376	0.11902558592072	-0.515905682272784
0.9	0.4639104	0.13264818951168	-0.541129716898435
0.95	0.4896832	0.14691355136376	-0.565784489474174
1	0.515456	0.161807	-0.589870
1.05	0.5412152	0.177197717376626	-0.604808683577052
1.1	0.5669744	0.192950840469488	-0.618007963619678
1.15	0.5927336	0.209021563635062	-0.629467840127877
1.2	0.6184928	0.225365081229824	-0.639188313101649
1.25	0.644252	0.24193658761025	-0.647169382540995
1.3	0.6700112	0.258691277132816	-0.653411048445915
1.35	0.6957704	0.275584344153998	-0.657913310816407
1.4	0.7215296	0.292570983030272	-0.660676169652474
1.45	0.7472888	0.309606388118114	-0.661699624954114
1.5	0.773048	0.326645753774	-0.660983676721327
1.55	0.7988072	0.343644274354406	-0.658528324954114
1.6	0.8245664	0.360557144215808	-0.654333569652474
1.65	0.8503256	0.377339557714682	-0.648399410816407
1.7	0.8760848	0.393946709207504	-0.640725848445915
1.75	0.901844	0.41033379305075	-0.631312882540995
1.8	0.9276032	0.426456003600896	-0.620160513101649
1.85	0.9533624	0.442268535214418	-0.607268740127877
1.9	0.9791216	0.457726582247792	-0.592637563619678
1.95	1.0048808	0.472785339057494	-0.576266983577052
2	1.030640	0.487400	-0.558157
2.05	1.05655055	0.501561881190172	-0.534896339987568
2.1	1.0824611	0.515114618400273	-0.511138007344865
2.15	1.10837165	0.528045316658734	-0.486882002071892
2.2	1.1342822	0.540341080993984	-0.462128324168649
2.25	1.16019275	0.551989016434453	-0.436876973635136
2.3	1.1861033	0.562976228008571	-0.411127950471352
2.35	1.21201385	0.573289820744767	-0.384881254677298
2.4	1.2379244	0.582916899671472	-0.358136886252974
2.45	1.26383495	0.591844569817115	-0.33089484519838
2.5	1.2897455	0.600059936210125	-0.303155131513515
2.55	1.31565605	0.607550103878933	-0.27491774519838
2.6	1.3415666	0.614302177851968	-0.246182686252974
2.65	1.36747715	0.62030326315766	-0.216949954677298
2.7	1.3933877	0.625540464824439	-0.187219550471352
2.75	1.41929825	0.630000887880734	-0.156991473635136
2.8	1.4452088	0.633671637354976	-0.126265724168649
2.85	1.47111935	0.636539818275594	-0.0950423020718925
2.9	1.4970299	0.638592535671017	-0.0633212073448654
2.95	1.52294045	0.639816894569676	-0.0311024399875679
3	1.548851	0.640200	0.001614
3.05	1.5747809	0.639768961604651	0.0315756847869448
3.1	1.6007108	0.638565434468368	0.0611968553857902
3.15	1.6266407	0.636598248089997	0.0904775117965361
3.2	1.6525706	0.633876231968384	0.119417654019183
3.25	1.6785005	0.630408215602375	0.14801728205373
3.3	1.7044304	0.626203028490816	0.176276395900177
3.35	1.7303603	0.621269500132553	0.204194995558525
3.4	1.7562902	0.615616460026432	0.231773081028774
3.45	1.7822201	0.609252737671299	0.259010652310923
3.5	1.80815	0.602187162566	0.285907709404973
3.55	1.8340799	0.594428564209381	0.312464252310923
3.6	1.8600098	0.585985772100288	0.338680281028774
3.65	1.8859397	0.576867615737567	0.364555795558525
3.7	1.9118696	0.567082924620064	0.390090795900177
3.75	1.9377995	0.556640528246625	0.415285282053729
3.8	1.9637294	0.545549256116096	0.440139254019183
3.85	1.9896593	0.533817937727323	0.464652711796536
3.9	2.0155892	0.521455402579152	0.48882565538579
3.95	2.0415191	0.508470480170429	0.512658084786945
4	2.067449	0.494872	0.536150
4.05	2.09351715	0.480698341171377	0.551006157287768
4.1	2.1195853	0.466158913433087	0.564212513808402
4.15	2.14565345	0.451296724038997	0.575769069561903
4.2	2.1717216	0.436154780242976	0.585675824548271
4.25	2.19778975	0.420776089298891	0.593932778767505
4.3	2.2238579	0.405203658460609	0.600539932219605
4.35	2.24992605	0.389480494981999	0.605497284904572
4.4	2.2759942	0.373649606116928	0.608804836822406
4.45	2.30206235	0.357753999119264	0.610462587973106
4.5	2.3281305	0.341836681242875	0.610470538356673
4.55	2.35419865	0.325940659741628	0.608828687973106
4.6	2.3802668	0.310108941869392	0.605537036822406
4.65	2.40633495	0.294384534880034	0.600595584904572
4.7	2.4324031	0.278810446027421	0.594004332219605
4.75	2.45847125	0.263429682565422	0.585763278767505
4.8	2.4845394	0.248285251747904	0.575872424548271
4.85	2.51060755	0.233420160828735	0.564331769561903
4.9	2.5366757	0.218877417061783	0.551141313808402
4.95	2.56274385	0.204700027700915	0.536301057287768
5	2.588812	0.190931	0.519811
5.05	2.6147919	0.177778850636493	0.492695267210873
5.1	2.6407718	0.165329626765782	0.465697974715338
5.15	2.6667517	0.153580251320884	0.438819122513395
5.2	2.6927316	0.142527647234816	0.412058710605045
5.25	2.7187115	0.132168737440594	0.385416738990287
5.3	2.7446914	0.122500444871234	0.358893207669121
5.35	2.7706713	0.113519692459753	0.332488116641548
5.4	2.7966512	0.105223403139168	0.306201465907567
5.45	2.8226311	0.0976084998424947	0.280033255467178
5.5	2.848611	0.09067190550275	0.253983485320382
5.55	2.8745909	0.0844105430529502	0.228052155467178
5.6	2.9005708	0.078821335426112	0.202239265907567
5.65	2.9265507	0.0739012055552518	0.176544816641548
5.7	2.9525306	0.069647076373386	0.150968807669121
5.75	2.9785105	0.0660558708135313	0.125511238990287
5.8	3.0044904	0.063124511808704	0.100172110605044
5.85	3.0304703	0.0608499222919207	0.0749514225133948
5.9	3.0564502	0.059229025196198	0.0498491747153375
5.95	3.0824301	0.0582587434545523	0.0248653672108726
6	3.108410	0.057936	0.000000