0	0.000000	0.000000	0.000000
0.05	0.02532765	0.00040061884812425	-0.0315074525492002
0.1	0.0506553	0.001589563529734	-0.0622502153563793
0.15	0.07598295	0.00354746625068475	-0.0922282884215373
0.2	0.1013106	0.006254959216832	-0.121441671744674
0.25	0.12663825	0.00969267463403125	-0.14989036532579
0.3	0.1519659	0.013841244708138	-0.177574369164885
0.35	0.17729355	0.0186813016450077	-0.204493683261959
0.4	0.2026212	0.024193477650496	-0.230648307617011
0.45	0.22794885	0.0303584049304582	-0.256038242230043
0.5	0.2532765	0.03715671569075	-0.280663487101054
0.55	0.27860415	0.0445690421372267	-0.304524042230043
0.6	0.3039318	0.052576016475744	-0.327619907617011
0.65	0.32925945	0.0611582709121572	-0.349951083261959
0.7	0.3545871	0.070296437652322	-0.371517569164885
0.75	0.37991475	0.0799711489020937	-0.39231936532579
0.8	0.4052424	0.090163036867328	-0.412356471744674
0.85	0.43057005	0.10085273375388	-0.431628888421537
0.9	0.4558977	0.112020871767606	-0.450136615356379
0.95	0.48122535	0.123648083114361	-0.4678796525492
1	0.506553	0.135715	-0.484858
1.05	0.5319397	0.14816534638987	-0.495807681728395
1.1	0.5573264	0.160879187112658	-0.505616454853801
1.15	0.5827131	0.173827558263933	-0.514284319376219
1.2	0.6080998	0.186981495939264	-0.521811275295647
1.25	0.6334865	0.200312036234219	-0.528197322612086
1.3	0.6588732	0.213790215244366	-0.533442461325537
1.35	0.6842599	0.227387069065274	-0.537546691435998
1.4	0.7096466	0.241073633792512	-0.54051001294347
1.45	0.7350333	0.254820945521648	-0.542332425847954
1.5	0.76042	0.26860004034825	-0.543013930149448
1.55	0.7858067	0.282381954367887	-0.542554525847954
1.6	0.8111934	0.296137723676128	-0.54095421294347
1.65	0.8365801	0.309838384368541	-0.538212991435998
1.7	0.8619668	0.323454972540694	-0.534330861325537
1.75	0.8873535	0.336958524288156	-0.529307822612086
1.8	0.9127402	0.350320075706496	-0.523143875295647
1.85	0.9381269	0.363510662891282	-0.515839019376218
1.9	0.9635136	0.376501321938082	-0.507393254853801
1.95	0.9889003	0.389263088942465	-0.497806581728395
2	1.014287	0.401767	-0.487079
2.05	1.0395851	0.413890883331273	-0.471254349653462
2.1	1.0648832	0.425603171826582	-0.454539415132876
2.15	1.0901813	0.436881342987864	-0.43693419643824
2.2	1.1154794	0.447702874317056	-0.418438693569557
2.25	1.1407775	0.458045243316094	-0.399052906526824
2.3	1.1660756	0.467885927486914	-0.378776835310043
2.35	1.1913737	0.477202404331453	-0.357610479919213
2.4	1.2166718	0.485972151351648	-0.335553840354335
2.45	1.2419699	0.494172646049435	-0.312606916615408
2.5	1.267268	0.50178136592675	-0.288769708702432
2.55	1.2925661	0.50877578848553	-0.264042216615408
2.6	1.3178642	0.515133391227712	-0.238424440354335
2.65	1.3431623	0.520831651655232	-0.211916379919213
2.7	1.3684604	0.525848047270026	-0.184518035310043
2.75	1.3937585	0.530160055574031	-0.156229406526824
2.8	1.4190566	0.533745154069184	-0.127050493569557
2.85	1.4443547	0.536580820257421	-0.0969812964382405
2.9	1.4696528	0.538644531640678	-0.0660218151328756
2.95	1.4949509	0.539913765720892	-0.0341720496534621
3	1.520249	0.540366	-0.001432
3.05	1.545471	0.54000530809254	0.0299296901268734
3.1	1.570693	0.53886145686032	0.0606692865561811
3.15	1.595915	0.53695013675058	0.0907867892879232
3.2	1.621137	0.53428703821056	0.1202821983221
3.25	1.646359	0.5308878516875	0.149155513658711
3.3	1.671581	0.52676826762864	0.177406735297756
3.35	1.696803	0.52194397648122	0.205035863239236
3.4	1.722025	0.51643066869248	0.23204289748315
3.45	1.747247	0.51024403470966	0.258427838029498
3.5	1.772469	0.50339976498	0.284190684878281
3.55	1.797691	0.49591354995074	0.309331438029498
3.6	1.822913	0.48780108006912	0.33385009748315
3.65	1.848135	0.47907804578238	0.357746663239236
3.7	1.873357	0.46976013753776	0.381021135297756
3.75	1.898579	0.4598630457825	0.403673513658711
3.8	1.923801	0.44940246096384	0.4257037983221
3.85	1.949023	0.43839407352902	0.447111989287923
3.9	1.974245	0.42685357392528	0.467898086556181
3.95	1.999467	0.41479665259986	0.488062090126873
4	2.024689	0.402239	0.507604
4.05	2.0498799	0.389294419410529	0.51991089277109
4.1	2.0750708	0.376055225915854	0.530994423145223
4.15	2.1002617	0.36255223711578	0.540854591122399
4.2	2.1254526	0.348816270610112	0.549491396702619
4.25	2.1506435	0.334878143998656	0.556904839885882
4.3	2.1758344	0.320768674881218	0.563094920672187
4.35	2.2010253	0.306518680857603	0.568061639061536
4.4	2.2262162	0.292158979527616	0.571804995053928
4.45	2.2514071	0.277720388491063	0.574324988649364
4.5	2.276598	0.26323372534775	0.575621619847842
4.55	2.3017889	0.248729807697482	0.575694888649364
4.6	2.3269798	0.234239453140064	0.574544795053928
4.65	2.3521707	0.219793479275302	0.572171339061536
4.7	2.3773616	0.205422703703002	0.568574520672187
4.75	2.4025525	0.191157944022969	0.563754339885881
4.8	2.4277434	0.177030017835008	0.557710796702619
4.85	2.4529343	0.163069742738925	0.550443891122399
4.9	2.4781252	0.149307936334526	0.541953623145223
4.95	2.5033161	0.135775416221616	0.53223999277109
5	2.528507	0.122503	0.521303
5.05	2.5537527	0.109603711869742	0.50050442298226
5.1	2.5789984	0.097236496181698	0.479151469861125
5.15	2.6042441	0.0854153485486607	0.457244140636593
5.2	2.6294898	0.074154264583424	0.434782435308666
5.25	2.6547355	0.0634672398987812	0.411766353877343
5.3	2.6799812	0.053368270107526	0.388195896342625
5.35	2.7052269	0.0438713508224517	0.36407106270451
5.4	2.7304726	0.034990477656352	0.339391852962999
5.45	2.7557183	0.0267396462220202	0.314158267118093
5.5	2.780964	0.01913285213225	0.288370305169791
5.55	2.8062097	0.0121840909998347	0.262027967118093
5.6	2.8314554	0.00590735843756798	0.235131252963
5.65	2.8567011	0.000316650058243217	0.20768016270451
5.7	2.8819468	-0.00457403852534602	0.179674696342625
5.75	2.9071925	-0.00875071170040628	0.151114853877343
5.8	2.9324382	-0.012199373854144	0.122000635308666
5.85	2.9576839	-0.0149060293737658	0.0923320406365936
5.9	2.9829296	-0.016856682646478	0.0621090698611249
5.95	3.0081753	-0.0180373380594873	0.0313317229822604
6	3.033421	-0.018434	0.000000