0	0.000000	0.000000	0.000000
0.05	0.0271792	0.000446539069928	-0.0327725276514393
0.1	0.0543584	0.001776768054464	-0.0650269260764114
0.15	0.0815376	0.003976604615736	-0.0967631952749161
0.2	0.1087168	0.007031966415872	-0.127981335246954
0.25	0.135896	0.010928771117	-0.158681345992524
0.3	0.1630752	0.015652936381248	-0.188863227511627
0.35	0.1902544	0.021190379870744	-0.218526979804262
0.4	0.2174336	0.027527019247616	-0.24767260287043
0.45	0.2446128	0.034648772173992	-0.276300096710131
0.5	0.271792	0.042541556312	-0.304409461323365
0.55	0.2989712	0.051191289323768	-0.332000696710131
0.6	0.3261504	0.060583888871424	-0.35907380287043
0.65	0.3533296	0.070705272617096	-0.385628779804262
0.7	0.3805088	0.081541358222912	-0.411665627511627
0.75	0.407688	0.093078063351	-0.437184345992524
0.8	0.4348672	0.105301305663488	-0.462184935246954
0.85	0.4620464	0.118197002822504	-0.486667395274916
0.9	0.4892256	0.131751072490176	-0.510631726076411
0.95	0.5164048	0.145949432328632	-0.534077927651439
1	0.543584	0.160778	-0.557006
1.05	0.5711877	0.176361923747734	-0.571873216539522
1.1	0.5987914	0.192336424883032	-0.585304915548568
1.15	0.6263951	0.208661877810638	-0.597301097027138
1.2	0.6539988	0.225298656935296	-0.607861760975232
1.25	0.6816025	0.24220713666175	-0.61698690739285
1.3	0.7092062	0.259347691394744	-0.624676536279991
1.35	0.7368099	0.276680695539022	-0.630930647636658
1.4	0.7644136	0.294166523499328	-0.635749241462848
1.45	0.7920173	0.311765549680406	-0.639132317758561
1.5	0.819621	0.329438148487	-0.641079876523799
1.55	0.8472247	0.347144694323854	-0.641591917758562
1.6	0.8748284	0.364845561595712	-0.640668441462848
1.65	0.9024321	0.382501124707318	-0.638309447636658
1.7	0.9300358	0.400071758063416	-0.634514936279992
1.75	0.9576395	0.41751783606875	-0.62928490739285
1.8	0.9852432	0.434799733128064	-0.622619360975232
1.85	1.0128469	0.451877823646102	-0.614518297027138
1.9	1.0404506	0.468712482027608	-0.604981715548568
1.95	1.0680543	0.485264082677326	-0.594009616539522
2	1.095658	0.501493	-0.581602
2.05	1.1231356	0.517168875725894	-0.55927148971242
2.1	1.1506132	0.532221304469712	-0.536223438402481
2.15	1.1780908	0.546630569926258	-0.512457846070181
2.2	1.2055684	0.560376955790336	-0.487974712715521
2.25	1.233046	0.57344074575675	-0.462774038338501
2.3	1.2605236	0.585802223520304	-0.436855822939121
2.35	1.2880012	0.597441672775802	-0.410220066517382
2.4	1.3154788	0.608339377218048	-0.382866769073282
2.45	1.3429564	0.618475620541846	-0.354795930606822
2.5	1.370434	0.627830686442	-0.326007551118002
2.55	1.3979116	0.636384858613314	-0.296501630606822
2.6	1.4253892	0.644118420750592	-0.266278169073282
2.65	1.4528668	0.651011656548638	-0.235337166517381
2.7	1.4803444	0.657044849702256	-0.203678622939121
2.75	1.507822	0.66219828390625	-0.171302538338501
2.8	1.5352996	0.666452242855424	-0.138208912715521
2.85	1.5627772	0.669787010244582	-0.104397746070181
2.9	1.5902548	0.672182869768528	-0.0698690384024806
2.95	1.6177324	0.673620105122066	-0.0346227897124204
3	1.645210	0.674079	0.001341
3.05	1.6729681	0.673496535495128	0.0404387614157759
3.1	1.7007262	0.671844398062266	0.0784120479456806
3.15	1.7284843	0.669153800987743	0.115260859589714
3.2	1.7562424	0.665455957557888	0.150985196347877
3.25	1.7840005	0.660782081059031	0.185585058220168
3.3	1.8117586	0.655163384777502	0.219060445206588
3.35	1.8395167	0.64863108199963	0.251411357307137
3.4	1.8672748	0.641216386011744	0.282637794521815
3.45	1.8950329	0.632950510100174	0.312739756850622
3.5	1.922791	0.62386466755125	0.341717244293557
3.55	1.9505491	0.613990071651301	0.369570256850622
3.6	1.9783072	0.603357935686656	0.396298794521815
3.65	2.0060653	0.591999472943645	0.421902857307137
3.7	2.0338234	0.579945896708598	0.446382445206588
3.75	2.0615815	0.567228420267844	0.469737558220168
3.8	2.0893396	0.553878256907712	0.491968196347877
3.85	2.1170977	0.539926619914532	0.513074359589714
3.9	2.1448558	0.525404722574634	0.533056047945681
3.95	2.1726139	0.510343778174347	0.551913261415776
4	2.200372	0.494775	0.569646
4.05	2.2282893	0.478690903296599	0.582352373933887
4.1	2.2562066	0.462274606546708	0.593444866401049
4.15	2.2841239	0.4455711649634	0.602923477401486
4.2	2.3120412	0.428625633759744	0.610788206935198
4.25	2.3399585	0.411483068148813	0.617039055002185
4.3	2.3678758	0.394188523343676	0.621676021602447
4.35	2.3957931	0.376787054557406	0.624699106735985
4.4	2.4237104	0.359323717003072	0.626108310402797
4.45	2.4516277	0.341843565893747	0.625903632602885
4.5	2.479545	0.3243916564425	0.624085073336247
4.55	2.5074623	0.307013043862404	0.620652632602885
4.6	2.5353796	0.289752783366528	0.615606310402797
4.65	2.5632969	0.272655930167945	0.608946106735985
4.7	2.5912142	0.255767539479724	0.600672021602447
4.75	2.6191315	0.239132666514938	0.590784055002185
4.8	2.6470488	0.222796366486656	0.579282206935198
4.85	2.6749661	0.206803694607951	0.566166477401486
4.9	2.7028834	0.191199706091892	0.551436866401049
4.95	2.7308007	0.176029456151552	0.535093373933887
5	2.758718	0.161338	0.517136
5.05	2.78626095	0.147428359730442	0.492868825793679
5.1	2.8138039	0.134189413394256	0.468434322556444
5.15	2.84134685	0.121625769726574	0.443832490288295
5.2	2.8688898	0.109742037462528	0.419063328989233
5.25	2.89643275	0.09854282533725	0.394126838659258
5.3	2.9239757	0.088032742085872	0.369023019298369
5.35	2.95151865	0.078216396443526	0.343751870906566
5.4	2.9790616	0.069098397145344	0.31831339348385
5.45	3.00660455	0.060683352926458	0.29270758703022
5.5	3.0341475	0.052975872522	0.266934451545677
5.55	3.06169045	0.045980564667102	0.24099398703022
5.6	3.0892334	0.039702038096896	0.21488619348385
5.65	3.11677635	0.034144901546514	0.188611070906566
5.7	3.1443193	0.029313763751088	0.162168619298369
5.75	3.17186225	0.02521323344575	0.135558838659258
5.8	3.1994052	0.021847919365632	0.108781728989233
5.85	3.22694815	0.019222430245866	0.0818372902882952
5.9	3.2544911	0.017341374821584	0.0547255225564436
5.95	3.28203405	0.016209361827918	0.0274464257936786
6	3.309577	0.015831	0.000000