0	0.000000	0.000000	0.000000
0.05	0.0303748	0.000332655661523	-0.0219289933836272
0.1	0.0607496	0.001333732506824	-0.0440115611479253
0.15	0.0911244	0.003007895327001	-0.0662477032928941
0.2	0.1214992	0.005359808913152	-0.0886374198185338
0.25	0.151874	0.008394138056375	-0.111180710724844
0.3	0.1822488	0.012115547547768	-0.133877576011826
0.35	0.2126236	0.016528702178429	-0.156728015679478
0.4	0.2429984	0.021638266739456	-0.179732029727801
0.45	0.2733732	0.027448906021947	-0.202889618156794
0.5	0.303748	0.033965284817	-0.226200780966459
0.55	0.3341228	0.041192067915713	-0.249665518156794
0.6	0.3644976	0.049133920109184	-0.273283829727801
0.65	0.3948724	0.057795506188511	-0.297055715679478
0.7	0.4252472	0.067181490944792	-0.320981176011826
0.75	0.455622	0.077296539169125	-0.345060210724844
0.8	0.4859968	0.088145315652608	-0.369292819818534
0.85	0.5163716	0.099732485186339	-0.393679003292894
0.9	0.5467464	0.112062712561416	-0.418218761147925
0.95	0.5771212	0.125140662568937	-0.442912093383627
1	0.607496	0.138971	-0.467759
1.05	0.63764185	0.153265673822222	-0.480388548876802
1.1	0.6677877	0.167921174556044	-0.491697745240257
1.15	0.69793355	0.182897699052652	-0.501686589090364
1.2	0.7280794	0.198155444163232	-0.510355080427124
1.25	0.75822525	0.213654606738969	-0.517703219250535
1.3	0.7883711	0.229355383631048	-0.5237310055606
1.35	0.81851695	0.245217971690655	-0.528438439357316
1.4	0.8486628	0.261202567768976	-0.531825520640685
1.45	0.87880865	0.277269368717196	-0.533892249410707
1.5	0.9089545	0.2933785713865	-0.53463862566738
1.55	0.93910035	0.309490372628074	-0.534064649410707
1.6	0.9692462	0.325564969293104	-0.532170320640685
1.65	0.99939205	0.341562558232775	-0.528955639357316
1.7	1.0295379	0.357443336298272	-0.5244206055606
1.75	1.05968375	0.373167500340781	-0.518565219250535
1.8	1.0898296	0.388695247211488	-0.511389480427123
1.85	1.11997545	0.403986773761578	-0.502893389090364
1.9	1.1501213	0.419002276842236	-0.493076945240257
1.95	1.18026715	0.433701953304648	-0.481940148876802
2	1.210413	0.448046	-0.469483
2.05	1.2404198	0.46184636182086	-0.450255803471213
2.1	1.2704266	0.47506286105976	-0.430567648682299
2.15	1.3004334	0.48768166583438	-0.410418535633256
2.2	1.3304402	0.4996889442624	-0.389808464324087
2.25	1.360447	0.5110708644615	-0.368737434754789
2.3	1.3904538	0.52181359454936	-0.347205446925363
2.35	1.4204606	0.53190330264366	-0.32521250083581
2.4	1.4504674	0.54132615686208	-0.30275859648613
2.45	1.4804742	0.5500683253223	-0.279843733876321
2.5	1.510481	0.558115976142	-0.256467913006385
2.55	1.5404878	0.56545527743886	-0.232631133876321
2.6	1.5704946	0.57207239733056	-0.20833339648613
2.65	1.6005014	0.57795350393478	-0.18357470083581
2.7	1.6305082	0.5830847653692	-0.158355046925364
2.75	1.660515	0.5874523497515	-0.132674434754789
2.8	1.6905218	0.59104242519936	-0.106532864324086
2.85	1.7205286	0.59384115983046	-0.0799303356332565
2.9	1.7505354	0.59583472176248	-0.0528668486822986
2.95	1.7805422	0.5970092791131	-0.0253424034712132
3	1.810549	0.597351	0.002643
3.05	1.8406133	0.596902037897822	0.0271562657286133
3.1	1.8706776	0.595722192039934	0.0512643719068463
3.15	1.9007419	0.593823643264607	0.0749673185346989
3.2	1.9308062	0.591218572410112	0.0982651056121711
3.25	1.9608705	0.587919160314719	0.121157733139263
3.3	1.9909348	0.583937587816698	0.143645201115975
3.35	2.0209991	0.57928603575432	0.165727509542306
3.4	2.0510634	0.573976684965856	0.187404658418257
3.45	2.0811277	0.568021716289576	0.208676647743827
3.5	2.111192	0.56143331056375	0.229543477519017
3.55	2.1412563	0.554223648626649	0.250005147743827
3.6	2.1713206	0.546404911316544	0.270061658418257
3.65	2.2013849	0.537989279471705	0.289713009542306
3.7	2.2314492	0.528988933930402	0.308959201115975
3.75	2.2615135	0.519416055530906	0.327800233139263
3.8	2.2915778	0.509282825111488	0.346236105612171
3.85	2.3216421	0.498601423510418	0.364266818534699
3.9	2.3517064	0.487384031565966	0.381892371906846
3.95	2.3817707	0.475642830116403	0.399112765728613
4	2.411835	0.463390	0.415928
4.05	2.44206055	0.450740246388117	0.420999173711326
4.1	2.4722861	0.437945983026849	0.425490092295144
4.15	2.50251165	0.425024748446564	0.429400755751454
4.2	2.5327372	0.411994081177632	0.432731164080257
4.25	2.56296275	0.398871519750422	0.435481317281551
4.3	2.5931883	0.385674602695303	0.437651215355337
4.35	2.62341385	0.372420868542645	0.439240858301615
4.4	2.6536394	0.359127855822816	0.440250246120385
4.45	2.68386495	0.345813103066186	0.440679378811647
4.5	2.7140905	0.332494148803125	0.440528256375401
4.55	2.74431605	0.319188531564001	0.439796878811647
4.6	2.7745416	0.305913789879184	0.438485246120385
4.65	2.80476715	0.292687462279043	0.436593358301615
4.7	2.8349927	0.279527087293947	0.434121215355337
4.75	2.86521825	0.266450203454266	0.43106881728155
4.8	2.8954438	0.253474349290368	0.427436164080256
4.85	2.92566935	0.240617063332623	0.423223255751454
4.9	2.9558949	0.227895884111401	0.418430092295144
4.95	2.98612045	0.21532835015707	0.413056673711326
5	3.016346	0.202932	0.407103
5.05	3.0468509	0.190789757235008	0.388943229318741
5.1	3.0773558	0.179205001186386	0.370552366077614
5.15	3.1078607	0.168184781309563	0.35193041027662
5.2	3.1383656	0.157736147059968	0.333077361915758
5.25	3.1688705	0.147866147893031	0.313993220995029
5.3	3.1993754	0.138581833264182	0.294677987514432
5.35	3.2298803	0.12989025262885	0.275131661473968
5.4	3.2603852	0.121798455442464	0.255354242873637
5.45	3.2908901	0.114313491160454	0.235345731713438
5.5	3.321395	0.10744240923825	0.215106127993372
5.55	3.3518999	0.101192259131281	0.194635431713438
5.6	3.3824048	0.095570090294976	0.173933642873637
5.65	3.4129097	0.0905829521847653	0.153000761473968
5.7	3.4434146	0.086237894256078	0.131836787514432
5.75	3.4739195	0.0825419659643437	0.110441720995029
5.8	3.5044244	0.079502216764992	0.0888155619157579
5.85	3.5349293	0.0771256961134522	0.0669583102766196
5.9	3.5654342	0.075419453465154	0.0448699660776138
5.95	3.5959391	0.0743905382755267	0.0225505293187406
6	3.626444	0.074046	0.000000