0	0.000000	0.000000	0.000000
0.05	0.02472035	0.000417435264881625	-0.0336454523470491
0.1	0.0494407	0.001657168372183	-0.0665280097101983
0.15	0.07416105	0.00370034029088887	-0.0986476720894476
0.2	0.0988814	0.006528091989984	-0.130004439484797
0.25	0.12360175	0.0101215644384531	-0.160598311896246
0.3	0.1483221	0.014461898605281	-0.190429289323796
0.35	0.17304245	0.0195302354594524	-0.219497371767446
0.4	0.1977628	0.025307715969952	-0.247802559227195
0.45	0.22248315	0.0317754811057646	-0.275344851703045
0.5	0.2472035	0.038914671835875	-0.302124249194995
0.55	0.27192385	0.0467064291292679	-0.328140751703045
0.6	0.2966442	0.055131893954928	-0.353394359227195
0.65	0.32136455	0.0641722072818401	-0.377885071767446
0.7	0.3460849	0.073808510078989	-0.401612889323796
0.75	0.37080525	0.0840219433153594	-0.424577811896246
0.8	0.3955256	0.094793647959936	-0.446779839484797
0.85	0.42024595	0.106104764981704	-0.468218972089448
0.9	0.4449663	0.117936435349647	-0.488895209710198
0.95	0.46968665	0.130269800032751	-0.508808552347049
1	0.494407	0.143086	-0.527959
1.05	0.5187942	0.156092090998488	-0.538446492662708
1.1	0.5431814	0.169337328679104	-0.547571475571447
1.15	0.5675686	0.182788485243976	-0.555333948726217
1.2	0.5919558	0.196412332895232	-0.561733912127018
1.25	0.616343	0.210175643835	-0.566771365773849
1.3	0.6407302	0.224045190265408	-0.57044630966671
1.35	0.6651174	0.237987744388584	-0.572758743805603
1.4	0.6895046	0.251970078406656	-0.573708668190526
1.45	0.7138918	0.265958964521752	-0.57329608282148
1.5	0.738279	0.279921174936	-0.571520987698465
1.55	0.7626662	0.293823481851528	-0.56838338282148
1.6	0.7870534	0.307632657470464	-0.563883268190526
1.65	0.8114406	0.321315473994936	-0.558020643805603
1.7	0.8358278	0.334838703627072	-0.55079550966671
1.75	0.860215	0.348169118569	-0.542207865773848
1.8	0.8846022	0.361273491022848	-0.532257712127017
1.85	0.9089894	0.374118593190744	-0.520945048726217
1.9	0.9333766	0.386671197274816	-0.508269875571447
1.95	0.9577638	0.398898075477192	-0.494232192662708
2	0.982151	0.410766	-0.478832
2.05	1.00656165	0.422222453421705	-0.459725678601317
2.1	1.0309723	0.433206197580178	-0.440102243665654
2.15	1.05538295	0.443704609397858	-0.41996169519301
2.2	1.0797936	0.453705065797184	-0.399304033183385
2.25	1.10420425	0.463194943700594	-0.378129257636779
2.3	1.1286149	0.472161620030526	-0.356437368553193
2.35	1.15302555	0.480592471709419	-0.334228365932626
2.4	1.1774362	0.488474875659712	-0.311502249775078
2.45	1.20184685	0.495796208803843	-0.288259020080549
2.5	1.2262575	0.50254384806425	-0.264498676849039
2.55	1.25066815	0.508705170363372	-0.240221220080549
2.6	1.2750788	0.514267552623648	-0.215426649775078
2.65	1.29948945	0.519218371767516	-0.190114965932626
2.7	1.3239001	0.523545004717414	-0.164286168553193
2.75	1.34831075	0.527234828395781	-0.137940257636779
2.8	1.3727214	0.530275219725056	-0.111077233183385
2.85	1.39713205	0.532653555627677	-0.0836970951930101
2.9	1.4215427	0.534357213026082	-0.0557998436656541
2.95	1.44595335	0.53537356884271	-0.0273854786013174
3	1.470364	0.535690	0.001546
3.05	1.4949252	0.535286098228094	0.0312420561616696
3.1	1.5194864	0.534160294298032	0.0603299485168477
3.15	1.5440476	0.532327525442698	0.0888096770655342
3.2	1.5686088	0.529802728894976	0.116681241807729
3.25	1.59317	0.52660084188775	0.143944642743433
3.3	1.6177312	0.522736801653904	0.170599879872645
3.35	1.6422924	0.518225545426322	0.196646953195365
3.4	1.6668536	0.513082010437888	0.222085862711594
3.45	1.6914148	0.507321133921486	0.246916608421331
3.5	1.715976	0.50095785311	0.271139190324577
3.55	1.7405372	0.494007105236314	0.294753608421331
3.6	1.7650984	0.486483827533312	0.317759862711594
3.65	1.7896596	0.478402957233878	0.340157953195365
3.7	1.8142208	0.469779431570896	0.361947879872645
3.75	1.838782	0.46062818777725	0.383129642743433
3.8	1.8633432	0.450964163085824	0.403703241807729
3.85	1.8879044	0.440802294729502	0.423668677065534
3.9	1.9124656	0.430157519941168	0.443025948516848
3.95	1.9370268	0.419044775953706	0.46177505616167
4	1.961588	0.407479	0.479916
4.05	1.9860989	0.395558196059451	0.492581869863897
4.1	2.0106098	0.383341369777208	0.504070342900016
4.15	2.0351207	0.370857380209177	0.514381419108356
4.2	2.0596316	0.358135086411264	0.523515098488917
4.25	2.0841425	0.345203347439375	0.5314713810417
4.3	2.1086534	0.332091022349416	0.538250266766704
4.35	2.1331643	0.318826970197293	0.543851755663929
4.4	2.1576752	0.305440050038912	0.548275847733376
4.45	2.1821861	0.291959120930179	0.551522542975044
4.5	2.206697	0.278413041927	0.553591841388933
4.55	2.2312079	0.264830672085281	0.554483742975044
4.6	2.2557188	0.251240870460928	0.554198247733376
4.65	2.2802297	0.237672496109847	0.552735355663929
4.7	2.3047406	0.224154408087944	0.550095066766704
4.75	2.3292515	0.210715465451125	0.5462773810417
4.8	2.3537624	0.197384527255296	0.541282298488917
4.85	2.3782733	0.184190452556363	0.535109819108356
4.9	2.4027842	0.171162100410232	0.527759942900016
4.95	2.4272951	0.158328329872809	0.519232669863897
5	2.451806	0.145718	0.509528
5.05	2.47656585	0.133327748742153	0.491181035305989
5.1	2.5013257	0.121401056301704	0.472083603737664
5.15	2.52608555	0.109956504125891	0.452235705295024
5.2	2.5508454	0.099012673661952	0.431637339978069
5.25	2.57560525	0.088588146357125	0.4102885077868
5.3	2.6003651	0.078701503658648	0.388189208721216
5.35	2.62512495	0.069371327013759	0.365339442781317
5.4	2.6498848	0.060616197869696	0.341739209967104
5.45	2.67464465	0.052454697673697	0.317388510278576
5.5	2.6994045	0.044905407873	0.292287343715733
5.55	2.72416435	0.037986909914843	0.266435710278576
5.6	2.7489242	0.031717785246464	0.239833609967104
5.65	2.77368405	0.026116615315101	0.212481042781317
5.7	2.7984439	0.021201981567992	0.184378008721216
5.75	2.82320375	0.016992465452375	0.1555245077868
5.8	2.8479636	0.013506648415488	0.125920539978069
5.85	2.87272345	0.010763111904569	0.0955661052950241
5.9	2.8974833	0.00878043736685599	0.064461203737664
5.95	2.92224315	0.00757720624958699	0.0326058353059894
6	2.947003	0.007172	0.000000