0	0.000000	0.000000	0.000000
0.05	0.02972785	0.000402738308169375	-0.0269876163478228
0.1	0.0594557	0.001598182009905	-0.0533308257116643
0.15	0.08918355	0.00356717427104813	-0.0790296280915245
0.2	0.1189114	0.00629055825744	-0.104084023487403
0.25	0.14863925	0.00974917713492188	-0.128494011899301
0.3	0.1783671	0.013923874069335	-0.152259593327217
0.35	0.20809495	0.0187954922265206	-0.175380767771151
0.4	0.2378228	0.02434487477232	-0.197857535231105
0.45	0.26755065	0.0305528648725744	-0.219689895707077
0.5	0.2972785	0.037400305693125	-0.240877849199068
0.55	0.32700635	0.0448680403998131	-0.261421395707077
0.6	0.3567342	0.05293691215848	-0.281320535231105
0.65	0.38646205	0.0615877641349669	-0.300575267771151
0.7	0.4161899	0.070801439495115	-0.319185593327217
0.75	0.44591775	0.0805587814047656	-0.337151511899301
0.8	0.4756456	0.09084063302976	-0.354473023487403
0.85	0.50537345	0.101627837535939	-0.371150128091524
0.9	0.5351013	0.112901238089145	-0.387182825711664
0.95	0.56482915	0.124641677855218	-0.402571116347823
1	0.594557	0.136830	-0.417315
1.05	0.6243274	0.14939726949974	-0.426777855111789
1.1	0.6540978	0.16222958078432	-0.435120725474968
1.15	0.6838682	0.17529359145978	-0.442343611089539
1.2	0.7136386	0.18855595913216	-0.448446511955499
1.25	0.743409	0.2019833414075	-0.453429428072851
1.3	0.7731794	0.21554239589184	-0.457292359441593
1.35	0.8029498	0.22919978019122	-0.460035306061726
1.4	0.8327202	0.24292215191168	-0.461658267933249
1.45	0.8624906	0.25667616865926	-0.462161245056163
1.5	0.892261	0.27042848804	-0.461544237430468
1.55	0.9220314	0.28414576765994	-0.459807245056163
1.6	0.9518018	0.29779466512512	-0.456950267933249
1.65	0.9815722	0.31134183804158	-0.452973306061726
1.7	1.0113426	0.32475394401536	-0.447876359441593
1.75	1.041113	0.3379976406525	-0.441659428072851
1.8	1.0708834	0.35103958555904	-0.434322511955499
1.85	1.1006538	0.36384643634102	-0.425865611089539
1.9	1.1304242	0.37638485060448	-0.416288725474968
1.95	1.1601946	0.38862148595546	-0.405591855111789
2	1.189965	0.400523	-0.393775
2.05	1.21984265	0.412065497708292	-0.378802659491698
2.1	1.2497203	0.423154085541779	-0.363390423247427
2.15	1.27959795	0.433775620449624	-0.347538291267189
2.2	1.3094756	0.443916959380992	-0.331246263550982
2.25	1.33935325	0.453564959285047	-0.314514340098807
2.3	1.3692309	0.462706477110953	-0.297342520910664
2.35	1.39910855	0.471328369807875	-0.279730805986553
2.4	1.4289862	0.479417494324976	-0.261679195326473
2.45	1.45886385	0.486960707611421	-0.243187688930425
2.5	1.4887415	0.493944866616375	-0.22425628679841
2.55	1.51861915	0.500356828289001	-0.204884988930425
2.6	1.5484968	0.506183449578464	-0.185073795326473
2.65	1.57837445	0.511411587433928	-0.164822705986553
2.7	1.6082521	0.516028098804557	-0.144131720910664
2.75	1.63812975	0.520019840639516	-0.123000840098807
2.8	1.6680074	0.523373669887968	-0.101430063550982
2.85	1.69788505	0.526076443499078	-0.0794193912671889
2.9	1.7277627	0.528115018422011	-0.0569688232474274
2.95	1.75764035	0.52947625160593	-0.0340783594916978
3	1.787518	0.530147	-0.010748
3.05	1.81249835	0.530156268251297	0.00993864877686865
3.1	1.8374787	0.529653820898518	0.0302214503140669
3.15	1.86245905	0.528649746187056	0.0501004046115948
3.2	1.8874394	0.527154132362304	0.0695755116694523
3.25	1.91241975	0.525177067669656	0.0886467714876394
3.3	1.9374001	0.522728640354506	0.107314184066156
3.35	1.96238045	0.519818938662247	0.125577749405002
3.4	1.9873608	0.516458050838272	0.143437467504178
3.45	2.01234115	0.512656065127975	0.160893338363684
3.5	2.0373215	0.50842306977675	0.177945361983519
3.55	2.06230185	0.50376915302999	0.194593538363684
3.6	2.0872822	0.498704403133088	0.210837867504178
3.65	2.11226255	0.493238908331438	0.226678349405003
3.7	2.1372429	0.487382756870434	0.242114984066156
3.75	2.16222325	0.481146036995469	0.257147771487639
3.8	2.1872036	0.474538836951936	0.271776711669452
3.85	2.21218395	0.467571244985229	0.286001804611595
3.9	2.2371643	0.460253349340742	0.299823050314067
3.95	2.26214465	0.452595238263868	0.313240448776869
4	2.287125	0.444607	0.326254
4.05	2.31224885	0.436282765896503	0.336210902681386
4.1	2.3373727	0.427722774148862	0.345021636659469
4.15	2.36249655	0.418955820927654	0.352686201934248
4.2	2.3876204	0.410010702403456	0.359204598505723
4.25	2.41274425	0.400916214746844	0.364576826373894
4.3	2.4378681	0.391701154128394	0.368802885538761
4.35	2.46299195	0.382394316718683	0.371882776000324
4.4	2.4881158	0.373024498688288	0.373816497758584
4.45	2.51323965	0.363620496207785	0.37460405081354
4.5	2.5383635	0.35421110544775	0.374245435165192
4.55	2.56348735	0.34482512257876	0.37274065081354
4.6	2.5886112	0.335491343771392	0.370089697758584
4.65	2.61373505	0.326238565196222	0.366292576000324
4.7	2.6388589	0.317095583023826	0.361349285538761
4.75	2.66398275	0.308091193424781	0.355259826373894
4.8	2.6891066	0.299254192569664	0.348024198505723
4.85	2.71423045	0.290613376629051	0.339642401934248
4.9	2.7393543	0.282197541773518	0.330114436659469
4.95	2.76447815	0.274035484173642	0.319440302681387
5	2.789602	0.266156	0.307620
5.05	2.81482565	0.258598397210268	0.291637901909418
5.1	2.8400493	0.25144312327494	0.275719077302056
5.15	2.86527295	0.244688582205823	0.259863526177912
5.2	2.8904966	0.23833317801472	0.244071248536988
5.25	2.91572025	0.232375314713438	0.228342244379283
5.3	2.9409439	0.22681339631378	0.212676513704797
5.35	2.96616755	0.221645826827553	0.19707405651353
5.4	2.9913912	0.21687101026656	0.181534872805482
5.45	3.01661485	0.212487350642607	0.166058962580654
5.5	3.0418385	0.2084932519675	0.150646325839044
5.55	3.06706215	0.204887118253043	0.135296962580654
5.6	3.0922858	0.20166735351104	0.120010872805482
5.65	3.11750945	0.198832361753297	0.10478805651353
5.7	3.1427331	0.19638054699162	0.089628513704797
5.75	3.16795675	0.194310313237812	0.074532244379283
5.8	3.1931804	0.19262006450368	0.0594992485369882
5.85	3.21840405	0.191308204801028	0.0445295261779124
5.9	3.2436277	0.19037313814166	0.0296230773020558
5.95	3.26885135	0.189813268537383	0.0147799019094183
6	3.294075	0.189627	0.000000