0	0.000000	0.000000	0.000000
0.05	0.0315047	0.00033722315409725	-0.0212339816324787
0.1	0.0630094	0.001326988268158	-0.0414250546720648
0.15	0.0945141	0.00293643881983575	-0.0605732191187585
0.2	0.1260188	0.005132718286784	-0.0786784749725597
0.25	0.1575235	0.00788297014665625	-0.0957408222334684
0.3	0.1890282	0.011154337877106	-0.111760260901485
0.35	0.2205329	0.0149139649557868	-0.126736790976608
0.4	0.2520376	0.019128994860352	-0.14067041245884
0.45	0.2835423	0.0237665710684553	-0.153561125348178
0.5	0.315047	0.02879383705775	-0.165408929644624
0.55	0.3465517	0.0341779363058898	-0.176213825348178
0.6	0.3780564	0.039886012290528	-0.185975812458839
0.65	0.4095611	0.0458852084893183	-0.194694890976608
0.7	0.4410658	0.052142668379914	-0.202371060901485
0.75	0.4725705	0.0586255354399688	-0.209004322233468
0.8	0.5040752	0.065300953147136	-0.21459467497256
0.85	0.5355799	0.0721360649790693	-0.219142119118759
0.9	0.5670846	0.079098014413422	-0.222646654672065
0.95	0.5985893	0.0861539449278478	-0.225108281632479
1	0.630094	0.093271	-0.226527
1.05	0.66172185	0.100357387951953	-0.221667022706958
1.1	0.6933497	0.107297977522576	-0.217307379865815
1.15	0.72497755	0.114108593214863	-0.213448071476571
1.2	0.7566054	0.120805059531808	-0.210089097539226
1.25	0.78823325	0.127403200976406	-0.20723045805378
1.3	0.8198611	0.133918842051652	-0.204872153020234
1.35	0.85148895	0.14036780726054	-0.203014182438587
1.4	0.8831168	0.146765921106064	-0.201656546308839
1.45	0.91474465	0.153129008091219	-0.20079924463099
1.5	0.9463725	0.159472892719	-0.20044227740504
1.55	0.97800035	0.165813399492401	-0.20058564463099
1.6	1.0096282	0.172166352914416	-0.201229346308839
1.65	1.04125605	0.17854757748804	-0.202373382438587
1.7	1.0728839	0.184972897716268	-0.204017753020234
1.75	1.10451175	0.191458138102094	-0.20616245805378
1.8	1.1361396	0.198019123148512	-0.208807497539226
1.85	1.16776745	0.204671677358517	-0.21195287147657
1.9	1.1993953	0.211431625235104	-0.215598579865814
1.95	1.23102315	0.218314791281267	-0.219744622706958
2	1.262651	0.225337	-0.224391
2.05	1.2943081	0.232388579725863	-0.22097956086817
2.1	1.3259652	0.239320105974186	-0.216806383750217
2.15	1.3576223	0.246107464329368	-0.211871468646141
2.2	1.3892794	0.252726540375808	-0.206174815555942
2.25	1.4209365	0.259153219697906	-0.199716424479619
2.3	1.4525936	0.265363387880062	-0.192496295417173
2.35	1.4842507	0.271332930506675	-0.184514428368605
2.4	1.5159078	0.277037733162144	-0.175770823333912
2.45	1.5475649	0.282453681430869	-0.166265480313097
2.5	1.579222	0.28755666089725	-0.155998399306159
2.55	1.6108791	0.292322557145686	-0.144969580313097
2.6	1.6425362	0.296727255760576	-0.133179023333912
2.65	1.6741933	0.30074664232632	-0.120626728368604
2.7	1.7058504	0.304356602427318	-0.107312695417173
2.75	1.7375075	0.307533021647969	-0.0932369244796191
2.8	1.7691646	0.310251785572672	-0.0783994155559416
2.85	1.8008217	0.312488779785827	-0.062800168646141
2.9	1.8324788	0.314219889871834	-0.0464391837502172
2.95	1.8641359	0.315421001415092	-0.0293164608681702
3	1.895793	0.316068	-0.011432
3.05	1.91953685	0.316134985258668	0.005768018580643
3.1	1.9432807	0.315795118479824	0.0228380983633236
3.15	1.96702455	0.315051484910796	0.0397782393480417
3.2	1.9907684	0.313907169798912	0.0565884415347975
3.25	2.01451225	0.3123652583915	0.0732687049235908
3.3	2.0382561	0.310428835935888	0.0898190295144217
3.35	2.06199995	0.308100987679404	0.10623941530729
3.4	2.0857438	0.305384798869376	0.122529862302196
3.45	2.10948765	0.302283354753132	0.13869037049914
3.5	2.1332315	0.298799740578	0.154720939898121
3.55	2.15697535	0.294937041591308	0.17062157049914
3.6	2.1807192	0.290698343040384	0.186392262302196
3.65	2.20446305	0.286086730172556	0.20203301530729
3.7	2.2282069	0.281105288235152	0.217543829514422
3.75	2.25195075	0.2757571024755	0.232924704923591
3.8	2.2756946	0.270045258140928	0.248175641534797
3.85	2.29943845	0.263972840478764	0.263296639348042
3.9	2.3231823	0.257542934736336	0.278287698363324
3.95	2.34692615	0.250758626160972	0.293148818580643
4	2.370670	0.243623	0.307880
4.05	2.39447055	0.236145788096678	0.320271744591926
4.1	2.4182711	0.228385846262297	0.331638268700492
4.15	2.44207165	0.220367575308231	0.341979572325697
4.2	2.4658722	0.212115376045856	0.351295655467542
4.25	2.48967275	0.203653649286547	0.359586518126026
4.3	2.5134733	0.195006795841679	0.366852160301149
4.35	2.53727385	0.186199216522628	0.373092581992911
4.4	2.5610744	0.177255312140768	0.378307783201313
4.45	2.58487495	0.168199483507475	0.382497763926354
4.5	2.6086755	0.159056131434125	0.385662524168034
4.55	2.63247605	0.149849656732092	0.387802063926354
4.6	2.6562766	0.140604460212752	0.388916383201313
4.65	2.68007715	0.13134494268748	0.389005481992911
4.7	2.7038777	0.122095504967651	0.388069360301149
4.75	2.72767825	0.112880547864641	0.386108018126026
4.8	2.7514788	0.103724472189824	0.383121455467542
4.85	2.77527935	0.0946516787545764	0.379109672325697
4.9	2.7990799	0.085686568370273	0.374072668700492
4.95	2.82288045	0.0768535418482892	0.368010444591926
5	2.846681	0.068177	0.360923
5.05	2.870537	0.05973433987308	0.346809821996982
5.1	2.894393	0.05163330187744	0.33228264694165
5.15	2.918249	0.04388376232676	0.317341474834004
5.2	2.942105	0.03649559753472	0.301986305674044
5.25	2.965961	0.029478683815	0.286217139461771
5.3	2.989817	0.02284289748128	0.270033976197183
5.35	3.013673	0.01659811484724	0.253436815880282
5.4	3.037529	0.01075421222656	0.236425658511066
5.45	3.061385	0.00532106593291999	0.219000504089537
5.5	3.085241	0.000308552279999985	0.201161352615694
5.55	3.109097	-0.00427345241852002	0.182908204089537
5.6	3.132953	-0.00841507184896002	0.164241058511066
5.65	3.156809	-0.01210642969764	0.145159915880282
5.7	3.180665	-0.01533764965088	0.125664776197183
5.75	3.204521	-0.018098855395	0.105755639461771
5.8	3.228377	-0.02038017061632	0.0854325056740442
5.85	3.252233	-0.02217171900116	0.064695374834004
5.9	3.276089	-0.02346362423584	0.0435442469416499
5.95	3.299945	-0.02424601000668	0.021979121996982
6	3.323801	-0.024509	0.000000