0	0.000000	0.000000	0.000000
0.05	0.028145	0.0002524419498625	-0.0180432294133061
0.1	0.05629	0.0010215389679	-0.0367138083620537
0.15	0.084435	0.0023249478067875	-0.0560117368462427
0.2	0.11258	0.0041803252192	-0.0759370148658731
0.25	0.140725	0.0066053279578125	-0.0964896424209451
0.3	0.16887	0.0096176127753	-0.117669619511459
0.35	0.197015	0.0132348364243375	-0.139476946137413
0.4	0.22516	0.0174746556576	-0.16191162229881
0.45	0.253305	0.0223547272277625	-0.184973647995648
0.5	0.28145	0.0278927078875	-0.208663023227927
0.55	0.309595	0.0341062543894875	-0.232979747995648
0.6	0.33774	0.0410130234864	-0.25792382229881
0.65	0.365885	0.0486306719309125	-0.283495246137413
0.7	0.39403	0.0569768564757	-0.309694019511459
0.75	0.422175	0.0660692338734375	-0.336520142420945
0.8	0.45032	0.0759254608768	-0.363973614865873
0.85	0.478465	0.0865631942384625	-0.392054436846243
0.9	0.50661	0.0980000907111	-0.420762608362054
0.95	0.534755	0.110253807047387	-0.450098129413306
1	0.562900	0.123342	-0.480061
1.05	0.59089205	0.137112182491538	-0.503458590714993
1.1	0.6188841	0.151508405240843	-0.524790861354724
1.15	0.64687615	0.166472855705103	-0.544057811919192
1.2	0.6748682	0.181947721341504	-0.561259442408398
1.25	0.70286025	0.197875189607234	-0.576395752822341
1.3	0.7308523	0.214197447959481	-0.589466743161022
1.35	0.75884435	0.230856683855431	-0.600472413424441
1.4	0.7868364	0.247795084752272	-0.609412763612597
1.45	0.81482845	0.264954838107191	-0.616287793725491
1.5	0.8428205	0.282278131377375	-0.621097503763122
1.55	0.87081255	0.299707152020012	-0.623841893725491
1.6	0.8988046	0.317184087492288	-0.624520963612597
1.65	0.92679665	0.334651125251391	-0.623134713424441
1.7	0.9547887	0.352050452754509	-0.619683143161023
1.75	0.98278075	0.369324257458828	-0.614166252822342
1.8	1.0107728	0.386414726821536	-0.606584042408398
1.85	1.03876485	0.40326404829982	-0.596936511919192
1.9	1.0667569	0.419814409350867	-0.585223661354724
1.95	1.09474895	0.436007997431865	-0.571445490714993
2	1.122741	0.451787	-0.555602
2.05	1.1506842	0.467027317186032	-0.535074832211629
2.1	1.1786274	0.481683139074496	-0.513767471558877
2.15	1.2065706	0.495732664580144	-0.491679918041742
2.2	1.2345138	0.509154092617728	-0.468812171660225
2.25	1.262457	0.521925622102	-0.445164232414326
2.3	1.2904002	0.534025451947712	-0.420736100304045
2.35	1.3183434	0.545431781069616	-0.395527775329382
2.4	1.3462866	0.556122808382464	-0.369539257490338
2.45	1.3742298	0.566076732801008	-0.342770546786911
2.5	1.402173	0.57527175324	-0.315221643219102
2.55	1.4301162	0.583686068614192	-0.286892546786911
2.6	1.4580594	0.591297877838336	-0.257783257490338
2.65	1.4860026	0.598085379827184	-0.227893775329382
2.7	1.5139458	0.604026773495488	-0.197224100304045
2.75	1.541889	0.609100257758	-0.165774232414326
2.8	1.5698322	0.613284031529472	-0.133544171660225
2.85	1.5977754	0.616556293724656	-0.100533918041742
2.9	1.6257186	0.618895243258304	-0.0667434715588766
2.95	1.6536618	0.620279079045168	-0.0321728322116295
3	1.681605	0.620686	0.003178
3.05	1.71192195	0.620049759065813	0.0387167711614048
3.1	1.7422389	0.618343171540702	0.0737884400952932
3.15	1.77255585	0.615580398539544	0.108393006801665
3.2	1.8028728	0.611775601177216	0.142530471280521
3.25	1.83318975	0.606942940568594	0.176200833531861
3.3	1.8635067	0.601096577828554	0.209404093555684
3.35	1.89382365	0.594250674071973	0.242140251351991
3.4	1.9241406	0.586419390413728	0.274409306920782
3.45	1.95445755	0.577616887968695	0.306211260262056
3.5	1.9847745	0.56785732785175	0.337546111375814
3.55	2.01509145	0.55715487117777	0.368413860262056
3.6	2.0454084	0.545523679061632	0.398814506920782
3.65	2.07572535	0.532977912618212	0.428748051351991
3.7	2.1060423	0.519531732962386	0.458214493555684
3.75	2.13635925	0.505199301209031	0.487213833531861
3.8	2.1666762	0.489994778473024	0.515746071280521
3.85	2.19699315	0.473932325869241	0.543811206801665
3.9	2.2273101	0.457026104512558	0.571409240095293
3.95	2.25762705	0.439290275517852	0.598540171161405
4	2.287944	0.420739	0.625204
4.05	2.31825705	0.401500121681485	0.643791971583266
4.1	2.3485701	0.381729640152851	0.66027821457882
4.15	2.37888315	0.361491265217863	0.674662728986662
4.2	2.4091962	0.340848706680288	0.686945514806791
4.25	2.43950925	0.319865674343891	0.697126572039208
4.3	2.4698223	0.298605878012437	0.705205900683914
4.35	2.50013535	0.277133027489693	0.711183500740906
4.4	2.5304484	0.255510832579424	0.715059372210187
4.45	2.56076145	0.233803003085396	0.716833515091755
4.5	2.5910745	0.212073248811375	0.716505929385611
4.55	2.62138755	0.190385279561126	0.714076615091755
4.6	2.6517006	0.168802805138416	0.709545572210187
4.65	2.68201365	0.14738953534701	0.702912800740906
4.7	2.7123267	0.126209179990673	0.694178300683914
4.75	2.74263975	0.105325448873172	0.683342072039209
4.8	2.7729528	0.0848020517982719	0.670404114806792
4.85	2.80326585	0.064702698569739	0.655364428986662
4.9	2.8335789	0.0450910989913389	0.63822301457882
4.95	2.86389195	0.0260309628668373	0.618979871583267
5	2.894205	0.007586	0.597635
5.05	2.92454895	-0.0100461149188206	0.564571102173147
5.1	2.9548929	-0.026680022624365	0.531842167275437
5.15	2.98523685	-0.0423258872150069	0.499448195306869
5.2	3.0155808	-0.05699387278912	0.467389186267444
5.25	3.04592475	-0.0706941434450781	0.435665140157161
5.3	3.0762687	-0.083436863281255	0.40427605697602
5.35	3.10661265	-0.0952321963960244	0.373221936724021
5.4	3.1369566	-0.10609030688776	0.342502779401166
5.45	3.16730055	-0.116021358854836	0.312118585007452
5.5	3.1976445	-0.125035516395625	0.282069353542881
5.55	3.22798845	-0.133142943608502	0.252355085007452
5.6	3.2583324	-0.14035380459184	0.222975779401166
5.65	3.28867635	-0.146678263444013	0.193931436724022
5.7	3.3190203	-0.152126484263395	0.16522205697602
5.75	3.34936425	-0.156708631148359	0.136847640157161
5.8	3.3797082	-0.16043486819728	0.108808186267444
5.85	3.41005215	-0.163315359508531	0.0811036953068691
5.9	3.4403961	-0.165360269180485	0.0537341672754371
5.95	3.47074005	-0.166579761311517	0.0266996021731474
6	3.501084	-0.166984	0.000000