82 83 .481830 .345952 -920.68341876 -920.54754111
82 80 .728938 .621594 -920.68341876 -920.57607426
82 148 .782146 .627524 -920.68341876 -920.52879716
83 160 .597936 .512265 -920.54753606 -920.46186457
83 81 .645628 .608011 -920.54753606 -920.50991904
83 144 .691957 .639267 -920.54753606 -920.49484594
18 23 .456659 .352729 -920.68477557 -920.58084538
18 84 .687733 .578812 -920.68477557 -920.57585452
18 19 .483449 .345661 -920.68477557 -920.54698736
82 83 .391740 .291601 -916.28197141 -916.18183215
82 80 .441787 .495126 -916.28197141 -916.33530994
82 148 .527690 .478895 -916.28197141 -916.23317623
83 160 .589238 .557786 -916.18184861 -916.15039618
83 81 .444330 .648472 -916.18184861 -916.38599064
83 144 .536193 .595921 -916.18184861 -916.24157661
18 23 .380540 .316385 -916.28139984 -916.21724472
18 84 .399307 .532936 -916.28139984 -916.41502892
18 19 .388927 .289450 -916.28139984 -916.18192279
82 83 .587017 .564955 -882.02044736 -881.99838531
82 80 .457522 .449035 -882.02044736 -882.01196014
82 148 .446858 .357278 -882.02044736 -881.93086701
83 160 .568216 .512144 -881.99838698 -881.94231518
83 81 .411017 .490934 -881.99838698 -882.07830411
83 144 .490099 .509745 -881.99838698 -882.01803248
18 23 .736926 .652907 -882.01636998 -881.93235116
18 84 .277677 .191034 -882.01636998 -881.92972708
18 19 .822176 .722790 -882.01636998 -881.91698426
82 83 .537700 .428878 -901.51827788 -901.40945629
82 80 1.068776 .906139 -901.51827788 -901.35564063
82 148 .746410 .665104 -901.51827788 -901.43697161
83 160 .582790 .488037 -901.40945078 -901.31469818
83 81 .428293 .536938 -901.40945078 -901.51809620
83 144 .664663 .658842 -901.40945078 -901.40362932
18 23 .507717 .440261 -901.58573034 -901.51827482
18 84 1.126388 .869110 -901.58573034 -901.32845216
18 19 .598498 .450826 -901.58573034 -901.43805818
82 83 .366562 .261631 -896.00343593 -895.89850452
82 80 .413032 .436860 -896.00343593 -896.02726370
82 148 .530170 .422286 -896.00343593 -895.89555204
83 160 .606026 .520323 -895.89851575 -895.81281247
83 81 .261242 .365306 -895.89851575 -896.00257968
83 144 .533075 .568438 -895.89851575 -895.93387903
18 23 .305995 .264005 -896.04424058 -896.00225070
18 84 .319013 .394433 -896.04424058 -896.11966031
18 19 .352296 .230390 -896.04424058 -895.92233474
82 83 .487996 .390884 -880.01349008 -879.91637809
82 80 .273907 .189952 -880.01349008 -879.92953544
82 148 .506564 .336985 -880.01349008 -879.84391145
83 160 .581408 .486859 -879.91635829 -879.82180924
83 81 .391492 .488866 -879.91635829 -880.01373263
83 144 .505546 .493885 -879.91635829 -879.90469759
18 23 .342877 .273778 -880.08310863 -880.01400969
18 84 .368121 .100833 -880.08310863 -879.81582027
18 19 .410709 .255441 -880.08310863 -879.92784098
82 83 .538901 .420897 -918.15484942 -918.03684527
82 80 .991153 .955814 -918.15484942 -918.11951007
82 148 .718987 .642117 -918.15484942 -918.07797961
83 160 .590902 .514165 -920.44442804 -920.36769143
83 81 .368464 .485212 -920.44442804 -920.56117648
83 144 .577168 .519407 -920.44442804 -920.38666725
18 23 .603807 .476409 -918.14163566 -918.01423789
18 84 .959465 .920786 -918.14163566 -918.10295683
18 19 .624130 .474270 -918.14163566 -917.99177527
1 4 .761436 .676895 -920.48352067 -920.39897982
1 2 .785271 .729274 -920.48352067 -920.42752320
1 194 .528677 .490703 -920.48352067 -920.44554662
66 65 .570194 .665766 -918.11413295 -918.20970500
66 71 .493329 .520371 -918.11413295 -918.14117462
66 129 .738528 .802268 -918.11413295 -918.17787332
82 83 .383056 .275572 -913.78551683 -913.67803321
82 80 .397059 .412122 -913.78551683 -913.80058021
82 148 .540779 .437339 -913.78551683 -913.68207695
83 160 .590293 .556317 -916.17163587 -916.13765954
83 81 .282696 .397973 -916.17163587 -916.28691246
83 144 .557919 .600387 -916.17163587 -916.21410370
18 23 .359333 .271549 -913.86069906 -913.77291488
18 84 .360996 .373545 -913.86069906 -913.87324843
18 19 .371561 .246673 -913.86069906 -913.73581131
1 4 .522148 .510592 -916.22064476 -916.20908838
1 2 .528069 .553372 -916.22064476 -916.24594784
1 194 .592539 .520727 -916.22064476 -916.14883302
66 65 .258004 .337795 -913.65219563 -913.73198708
66 71 .329241 .358887 -913.65219563 -913.68184184
66 129 .537859 .529506 -913.65219563 -913.64384287
82 83 .542230 .358635 -881.80437934 -881.62078418
82 80 .206534 .207369 -881.80437934 -881.80521445
82 148 .614719 .294547 -881.80437934 -881.48420706
83 160 .570754 .518588 -881.80372281 -881.75155723
83 81 .511391 .539155 -881.80372281 -881.83148665
83 144 .603208 .639680 -881.80372281 -881.84019440
18 23 .494741 .128041 -882.05507159 -881.68837157
18 84 .156274 .063421 -882.05507159 -881.96221897
18 19 .432621 .083709 -882.05507159 -881.70615989
1 4 .484611 .339253 -881.77074300 -881.62538460
1 2 .256211 .304449 -881.77074300 -881.81898054
1 194 .660396 .518870 -881.77074300 -881.62921664
66 65 .391489 .324244 -881.65682918 -881.58958420
66 71 .504553 .385765 -881.65682918 -881.53804158
66 129 .434518 .354457 -881.65682918 -881.57676855
84 65 .476880 .438236 -885.21398954 -885.17534558
84 87 .881956 .865818 -885.21398954 -885.19785108
148 151 .633359 .557151 -882.77111606 -882.69490771
148 135 .535007 .440916 -882.77111606 -882.67702534
148 87 .667148 .663750 -882.77111606 -882.76771830
148 71 .396674 .497384 -882.77111606 -882.87182639
148 129 .647214 .591434 -882.77111606 -882.71533578
148 145 .383365 .441430 -882.77111606 -882.82918066
148 133 .904404 .805923 -882.77111606 -882.67263525
20 18 .650833 .541514 -885.16783109 -885.05851166
20 215 .704320 .551871 -885.16783109 -885.01538225
20 21 .456156 .429580 -885.16783109 -885.14125517
20 17 .545556 .438511 -885.16783109 -885.06078613
20 5 .378653 .308968 -885.16783109 -885.09814615
75 72 .537187 .517795 -885.12793384 -885.10854164
75 152 .655450 .634918 -885.12793384 -885.10740180
75 74 .640200 .582264 -885.12793384 -885.06999773
75 69 .718994 .660334 -885.12793384 -885.06927360
75 70 .531698 .531739 -885.12793384 -885.12797504
84 65 .293537 .297934 -877.72419863 -877.72859594
84 87 .420942 .457875 -877.72419863 -877.76113157
148 151 .572873 .503150 -875.13691725 -875.06719381
148 135 .640182 .498196 -875.13691725 -874.99493131
148 87 .442834 .588422 -875.13691725 -875.28250517
148 71 .253971 .319100 -875.13691725 -875.20204656
148 129 .518210 .515262 -875.13691725 -875.13396889
148 145 .277993 .316845 -875.13691725 -875.17576971
148 133 .389297 .461018 -875.13691725 -875.20863829
20 18 .416359 .506086 -877.70609418 -877.79582114
20 215 .587793 .459246 -877.70609418 -877.57754684
20 21 .321954 .306626 -877.70609418 -877.69076585
20 17 .569766 .470866 -877.70609418 -877.60719463
20 5 .362096 .341599 -877.70609418 -877.68559687
75 72 .542907 .528665 -877.67038422 -877.65614216
75 152 .580304 .540036 -877.67038422 -877.63011648
75 74 .609192 .487777 -877.67038422 -877.54896925
75 69 .457293 .540951 -877.67038422 -877.75404255
75 70 .354992 .355027 -877.67038422 -877.67041967
84 65 .516828 .509561 -808.57542333 -808.56815646
84 87 .158458 .126003 -808.57542333 -808.54296868
148 151 .709463 .547464 -808.41752032 -808.25552118
148 135 .890939 .554872 -808.41752032 -808.08145339
148 87 .368564 .482332 -808.41752032 -808.53128797
148 71 .383847 .488153 -808.41752032 -808.52182653
148 129 .258606 .292681 -808.41752032 -808.45159485
148 145 .235454 .219546 -808.41752032 -808.40161256
148 133 .175814 .166679 -808.41752032 -808.40838570
20 18 .657618 .630344 -808.46081916 -808.43354523
20 215 .617463 .445245 -808.46081916 -808.28860105
20 21 .395353 .357844 -808.46081916 -808.42331051
20 17 .213478 .392144 -808.46081916 -808.63948530
20 5 .620686 .787670 -808.46081916 -808.62780309
75 72 .549597 .410640 -808.48389888 -808.34494174
75 152 .564509 .388589 -808.48389888 -808.30797926
75 74 .558065 .333688 -808.48389888 -808.25952205
75 69 .433949 .450984 -808.48389888 -808.50093352
75 70 .732561 .732534 -808.48389888 -808.48387210
82 83 .542743 .471583 -900.79379447 -900.72263487
82 80 .812100 .776577 -900.79379447 -900.75827167
82 148 .612038 .735294 -900.79379447 -900.91705065
83 160 .565898 .508346 -900.72263333 -900.66508165
83 81 .549111 .584718 -900.72263333 -900.75824056
83 144 .583436 .628038 -900.72263333 -900.76723528
18 23 .519192 .456802 -900.79390919 -900.73151939
18 84 .683022 .734023 -900.79390919 -900.84490978
18 19 .543642 .471178 -900.79390919 -900.72144483
82 83 .349037 .249885 -896.33983403 -896.24068185
82 80 .266047 .264651 -896.33983403 -896.33843769
82 148 .542784 .399143 -896.33983403 -896.19619318
83 160 .615979 .505059 -896.24066638 -896.12974618
83 81 .245191 .342884 -896.24066638 -896.33835910
83 144 .559455 .550888 -896.24066638 -896.23209962
18 23 .322930 .264551 -896.33757449 -896.27919561
18 84 .210270 .275713 -896.33757449 -896.40301768
18 19 .344727 .247540 -896.33757449 -896.24038721
82 83 .362355 .273812 -878.97136635 -878.88282341
82 80 .253320 .240438 -878.97136635 -878.95848475
82 148 .555345 .361593 -878.97136635 -878.77761473
83 160 .616222 .489542 -878.88282734 -878.75614773
83 81 .242921 .318580 -878.88282734 -878.95848643
83 144 .571134 .528605 -878.88282734 -878.84029798
18 23 .528931 .534971 -878.81966096 -878.82570083
18 84 .119272 .302629 -878.81966096 -879.00301772
18 19 .511488 .512084 -878.81966096 -878.82025669
82 83 .415062 .377470 -834.69482553 -834.65723316
82 80 .797353 .621239 -834.69482553 -834.51871105
82 65 .804909 .803673 -834.69482553 -834.69358971
82 84 .470075 .649682 -834.69482553 -834.87443290
82 148 .559518 .544258 -834.69482553 -834.67956555
83 160 .512520 .493911 -834.65723223 -834.63862316
83 81 .425197 .419395 -834.65723223 -834.65142986
83 80 1.237908 1.142864 -834.65723223 -834.56218832
79 137 .540342 .417114 -834.79415478 -834.67092678
79 76 1.280104 1.124748 -834.79415478 -834.63879855
79 141 .515792 .385094 -834.79415478 -834.66345697
79 74 .482370 .324877 -834.79415478 -834.63666187
82 83 .338040 .287026 -825.13121597 -825.08020209
82 80 .345429 .458231 -825.13121597 -825.24401813
82 65 .238828 .282476 -825.13121597 -825.17486418
82 84 .239901 .290044 -825.13121597 -825.18135852
82 148 .530579 .433427 -825.13121597 -825.03406350
83 160 .564084 .478910 -825.08020955 -824.99503523
83 81 .293802 .331172 -825.08020955 -825.11757927
83 80 .294556 .501696 -825.08020955 -825.28734908
79 137 .516092 .442410 -825.12742096 -825.05373944
79 76 .367713 .401186 -825.12742096 -825.16089416
79 141 .519828 .445115 -825.12742096 -825.05270820
79 74 .351518 .292835 -825.12742096 -825.06873791
82 83 .463640 .424779 -801.78514077 -801.74627965
82 80 .266856 .280597 -801.78514077 -801.79888147
82 65 .334026 .378408 -801.78514077 -801.82952238
82 84 .176209 .207299 -801.78514077 -801.81623058
82 148 .507783 .369165 -801.78514077 -801.64652235
83 160 .530788 .467913 -801.74627965 -801.68340495
83 81 .437725 .434957 -801.74627965 -801.74351150
83 80 .236338 .219041 -801.74627965 -801.72898279
79 137 .469160 .284057 -801.78489085 -801.59978816
79 76 .256970 .178688 -801.78489085 -801.70660876
79 141 .488717 .285469 -801.78489085 -801.58164311
79 74 .488881 .417075 -801.78489085 -801.71308490
71 132 .572919 .438564 -832.53734368 -832.40298896
71 66 .440765 .394009 -832.53734368 -832.49058806
71 70 .459529 .379870 -832.53734368 -832.45768431
71 84 .565313 .852183 -832.53734368 -832.82421418
71 65 .533804 .538464 -832.53734368 -832.54200318
22 11 .604219 .556491 -832.53070173 -832.48297410
22 69 .060805 .198683 -832.53070173 -832.66858009
22 23 .955664 .791004 -832.53070173 -832.36604166
18 23 .765081 .512770 -832.53500859 -832.28269781
18 84 .144375 .150606 -832.53500859 -832.54123914
18 19 .230478 .089734 -832.53500859 -832.39426412
20 18 .112423 .267750 -832.37968869 -832.53501529
20 215 .661779 .447633 -832.37968869 -832.16554241
20 21 .386497 .351236 -832.37968869 -832.34442777
20 17 .486973 .365788 -832.37968869 -832.25850407
20 5 .377066 .322720 -832.37968869 -832.32534317
71 132 .575386 .458221 -841.15935398 -841.04218902
71 66 .553002 .473261 -841.15935398 -841.07961270
71 70 .556987 .535916 -841.15935398 -841.13828256
71 84 .466661 .525937 -841.15935398 -841.21862964
71 65 .460189 .306823 -841.15935398 -841.00598830
22 11 .522332 .608077 -843.55028470 -843.63602957
22 69 .312005 .407683 -843.55028470 -843.64596224
22 23 .113975 .293147 -843.55028470 -843.72945684
18 23 .092714 .108864 -843.70914925 -843.72529972
18 84 .645465 .179214 -843.70914925 -843.24289780
18 19 .210654 .103720 -843.70914925 -843.60221572
20 18 .084207 .410392 -843.57819351 -843.90437889
20 215 .561616 .442830 -843.57819351 -843.45940764
20 21 .314500 .329956 -843.57819351 -843.59364954
20 17 .458585 .480946 -843.57819351 -843.60055488
20 5 .484515 .637310 -843.57819351 -843.73098805
71 132 .678616 .437527 -857.42301466 -857.18192584
71 66 .373086 .379074 -857.42301466 -857.42900274
71 70 .317834 .218684 -857.42301466 -857.32386438
71 84 .366255 .275147 -857.42301466 -857.33190663
71 65 .466407 .344659 -857.42301466 -857.30126668
22 11 .515980 .526518 -859.75750553 -859.76804384
22 69 .563370 .712088 -859.75750553 -859.90622331
22 23 .315299 .377289 -859.75750553 -859.81949574
18 23 .449492 .254329 -859.62981723 -859.43465460
18 84 .379246 .223742 -859.62981723 -859.47431326
18 19 .249794 .198483 -859.62981723 -859.57850628
20 18 .281912 .390206 -859.71803067 -859.82632456
20 215 .517536 .472374 -859.71803067 -859.67286846
20 21 .391168 .374563 -859.71803067 -859.70142560
20 17 .376230 .374238 -859.71803067 -859.71603833
20 5 .361372 .544029 -859.71803067 -859.90068718
71 132 .708090 .543813 -840.77533280 -840.61105600
71 66 .258544 .217009 -840.77533280 -840.73379821
71 70 .392953 .416153 -840.77533280 -840.79853245
71 84 .471492 .403119 -840.77533280 -840.70695979
71 65 .417327 .438817 -840.77533280 -840.79682281
22 11 .629007 .648183 -843.15245487 -843.17163098
22 69 .537691 .414577 -843.15245487 -843.02934116
22 23 .325907 .392435 -843.15245487 -843.21898333
18 23 .331777 .172817 -841.03330928 -840.87434911
18 84 .284276 .197378 -841.03330928 -840.94641100
18 19 .316244 .213409 -841.03330928 -840.93047465
20 18 .197880 .458280 -843.23171351 -843.49211330
20 215 .579795 .486880 -843.23171351 -843.13879877
20 21 .399484 .386526 -843.23171351 -843.21875503
20 17 .382651 .385222 -843.23171351 -843.23428412
20 5 .419020 .422672 -843.23171351 -843.23536514
71 132 .550763 .506556 -839.40841177 -839.36420507
71 66 .433748 .449687 -839.40841177 -839.42435046
71 70 .321275 .351305 -839.40841177 -839.43844176
71 84 .293080 .554073 -839.40841177 -839.66940473
71 65 .328744 .349572 -839.40841177 -839.42924022
22 11 .627453 .651078 -839.67772858 -839.70135383
22 69 .421352 .487725 -839.67772858 -839.74410202
22 23 .825882 .807030 -839.67772858 -839.65887653
18 23 .778919 .380735 -837.76769070 -837.36950627
18 84 .113036 .034829 -837.76769070 -837.68948417
18 19 .182796 .020070 -837.76769070 -837.60496443
20 18 .047202 .328710 -839.48311514 -839.76462337
20 215 .772326 .531687 -839.48311514 -839.24247644
20 21 .251492 .262572 -839.48311514 -839.49419553
20 17 .343814 .274607 -839.48311514 -839.41390796
20 5 .424448 .352824 -839.48311514 -839.41149115
71 132 .547252 .377441 -845.84996514 -845.68015441
71 66 .371086 .316120 -845.84996514 -845.79499890
71 70 .451773 .401105 -845.84996514 -845.79929678
71 84 .454147 .530652 -845.84996514 -845.92647025
71 65 .193982 .275248 -845.84996514 -845.93123086
22 11 .484029 .498699 -845.74027904 -845.75494898
22 69 .402953 .431968 -845.74027904 -845.76929449
22 23 .627346 .732043 -845.74027904 -845.84497616
18 23 .467505 .280476 -843.70837000 -843.52134090
18 84 .020986 .133104 -843.70837000 -843.82048803
18 19 .258498 .113732 -843.70837000 -843.56360391
20 18 .166836 .421641 -845.90063199 -846.15543672
20 215 .695921 .474072 -845.90063199 -845.67878295
20 21 .309337 .261895 -845.90063199 -845.85318990
20 17 .313061 .226899 -845.90063199 -845.81447034
20 5 .408032 .389372 -845.90063199 -845.88197238
71 132 .787302 .546563 -846.74508169 -846.50434311
71 66 .293832 .303625 -846.74508169 -846.75487421
71 70 .329767 .225518 -846.74508169 -846.64083315
71 84 .296445 .262419 -846.74508169 -846.71105524
71 65 .288075 .219129 -846.74508169 -846.67613573
22 11 .470211 .506234 -846.89083128 -846.92685406
22 69 .113915 .578250 -846.89083128 -847.35516636
22 23 .463272 .502542 -846.89083128 -846.93010107
18 23 .480442 .127834 -844.91756490 -844.56495662
18 84 .318768 .152997 -844.91756490 -844.75179370
18 19 .220860 .150908 -844.91756490 -844.84761313
20 18 .194678 .626957 -844.48528696 -844.91756608
20 215 .516759 .475049 -844.48528696 -844.44357658
20 21 .431298 .391620 -844.48528696 -844.44560901
20 17 .316315 .347245 -844.48528696 -844.51621667
20 5 .410231 .509319 -844.48528696 -844.58437478
71 132 .454885 .328498 -831.98725223 -831.86086509
71 66 .656169 .551450 -831.98725223 -831.88253319
71 70 .581673 .521757 -831.98725223 -831.92733609
71 84 4.149398 4.472776 -831.98725223 -832.31063004
71 65 .510404 .468103 -831.98725223 -831.94495126
22 11 .436764 .459162 -834.41772764 -834.44012576
22 69 .213208 .245630 -834.41772764 -834.45014932
22 23 .306164 .280298 -834.41772764 -834.39186129
18 23 .486290 .257721 -834.38093886 -834.15237026
18 84 .095993 .050811 -834.38093886 -834.33575681
18 19 .204485 .089500 -834.38093886 -834.26595347
20 18 .074405 .200961 -834.25438522 -834.38094142
20 215 .564151 .317292 -834.25438522 -834.00752584
20 21 .419787 .282531 -834.25438522 -834.11712900
20 17 .503420 .360838 -834.25438522 -834.11180368
20 5 .287946 .249298 -834.25438522 -834.21573710
71 132 .738070 .548190 -840.68627432 -840.49639476
71 66 .316116 .262800 -840.68627432 -840.63295875
71 70 .263528 .245920 -840.68627432 -840.66866663
71 84 .457582 .615334 -840.68627432 -840.84402671
71 65 .342875 .449307 -840.68627432 -840.79270622
22 11 .318041 .312215 -843.17208333 -843.16625732
22 69 .517516 .639621 -843.17208333 -843.29418783
22 23 .453082 .399019 -843.17208333 -843.11801993
18 23 .534499 .343170 -840.96941481 -840.77808596
18 84 .295360 .169973 -840.96941481 -840.84402733
18 19 .208809 .097236 -840.96941481 -840.85784155
20 18 .256981 .429771 -842.81302467 -842.98581459
20 215 .646169 .446706 -842.81302467 -842.61356193
20 21 .544082 .424525 -842.81302467 -842.69346791
20 17 .357023 .263890 -842.81302467 -842.71989201
20 5 .496046 .489713 -842.81302467 -842.80669151
71 132 .610232 .436197 -844.21804761 -844.04401216
71 66 .443535 .374038 -844.21804761 -844.14855073
71 70 .354584 .312346 -844.21804761 -844.17580941
71 84 .223662 .272718 -844.21804761 -844.26710381
71 65 .344603 .226892 -844.21804761 -844.10033637
22 11 .236427 .376886 -846.53381322 -846.67427200
22 69 .870989 1.125972 -846.53381322 -846.78879653
22 23 .467550 .417163 -846.53381322 -846.48342653
18 23 .520943 .187425 -846.71821626 -846.38469872
18 84 .491897 .142340 -846.71821626 -846.36865966
18 19 .190321 .139157 -846.71821626 -846.66705235
20 18 .107404 .444298 -844.16784830 -844.50474249
20 215 .495494 .369643 -844.16784830 -844.04199761
20 21 .665246 .609123 -844.16784830 -844.11172555
20 17 .645331 .610583 -844.16784830 -844.13310026
20 5 .546985 .672516 -844.16784830 -844.29337924
82 83 .481830 .345952 -920.68341876 -920.54754111
82 80 .728941 .621593 -920.68341876 -920.57607088
82 148 .782145 .627523 -920.68341876 -920.52879716
83 160 .597935 .512264 -920.54753606 -920.46186457
83 81 .645453 .607842 -920.54753606 -920.50992547
83 144 .691957 .639267 -920.54753606 -920.49484594
18 23 .456656 .352731 -920.68477557 -920.58085054
18 84 .687729 .578808 -920.68477557 -920.57585451
18 19 .483437 .345649 -920.68477557 -920.54698736
82 83 .483282 .404069 -920.12115792 -920.04194479
82 80 .777858 .728426 -920.12115792 -920.07172599
82 148 .618146 .525214 -920.12115792 -920.02822573
83 160 .558450 .494615 -920.04194437 -919.97810902
83 81 .731337 .778317 -920.04194437 -920.08892466
83 144 .639554 .587113 -920.04194437 -919.98950310
18 23 .512684 .388611 -920.18681038 -920.06273777
18 84 .754293 .814557 -920.18681038 -920.24707413
18 19 .473620 .329436 -920.18681038 -920.04262602
82 83 .471420 .351130 -919.63817652 -919.51788662
82 80 .690115 .664804 -919.63817652 -919.61286511
82 148 .764904 .735776 -919.63817652 -919.60904842
83 160 .604400 .519255 -919.51788950 -919.43274469
83 81 .667816 .716377 -919.51788950 -919.56645034
83 144 .734035 .677680 -919.51788950 -919.46153467
18 23 .459154 .410253 -919.58326685 -919.53436577
18 84 .602681 .600959 -919.58326685 -919.58154534
18 19 .189279 .273505 -919.58326685 -919.66749261
82 83 .221866 .260545 -919.19920750 -919.23788626
82 80 .569878 .539962 -919.19920750 -919.16929157
82 148 .588241 .515021 -919.19920750 -919.12598789
83 160 .600735 .546755 -919.44965829 -919.39567836
83 81 .534505 .562535 -919.44965829 -919.47768822
83 144 .623987 .604873 -919.44965829 -919.43054422
18 23 .427224 .346553 -919.26578844 -919.18511741
18 84 .626820 .624317 -919.26578844 -919.26328556
18 19 .486156 .419077 -919.26578844 -919.19870967
82 83 .491185 .432645 -918.83503794 -918.77649836
82 80 .627494 .654654 -918.83503794 -918.86219758
82 148 .651371 .539629 -918.83503794 -918.72329632
83 160 .605487 .565247 -918.77650985 -918.73626952
83 81 .403498 .554616 -918.77650985 -918.92762771
83 144 .684239 .745166 -918.77650985 -918.83743726
18 23 .471942 .442385 -919.15158079 -919.12202391
18 84 .514751 .513464 -919.15158079 -919.15029405
18 19 .491106 .421027 -919.15158079 -919.08150212
82 83 .206941 .205700 -918.05944602 -918.05820526
82 80 .599848 .657480 -918.05944602 -918.11707761
82 148 .667918 .651761 -918.05944602 -918.04328919
83 160 .597242 .544939 -918.29788443 -918.24558151
83 81 .627698 .713814 -918.29788443 -918.38400046
83 144 .664458 .651567 -918.29788443 -918.28499358
18 23 .308906 .228210 -918.39523478 -918.31453891
18 84 .477642 .445954 -918.39523478 -918.36354648
18 19 .394174 .344324 -918.39523478 -918.34538510
82 83 .437911 .366086 -917.96276708 -917.89094186
82 80 .839719 .853894 -917.96276708 -917.97694206
82 148 .482803 .423196 -917.96276708 -917.90315983
83 160 .583992 .535810 -917.54935913 -917.50117707
83 81 .458705 .660689 -917.54935913 -917.75134320
83 144 .488955 .520857 -917.54935913 -917.58126116
18 23 .442919 .364984 -918.00587172 -917.92793714
18 84 .440638 .519290 -918.00587172 -918.08452402
18 19 .450533 .360584 -918.00587172 -917.91592276
82 83 .440037 .368495 -917.57261957 -917.50107784
82 80 .790076 .818084 -917.57261957 -917.60062716
82 148 .443957 .444391 -917.57261957 -917.57305311
83 160 .586736 .544580 -917.18689438 -917.14473825
83 81 .444585 .657484 -917.18689438 -917.39979312
83 144 .497584 .527712 -917.18689438 -917.21702271
18 23 .435994 .365086 -917.64384445 -917.57293648
18 84 .414331 .511431 -917.64384445 -917.74094484
18 19 .430882 .357332 -917.64384445 -917.57029488
82 83 .283993 .247414 -916.87960941 -916.84303066
82 80 .595393 .640524 -916.87960941 -916.92474071
82 148 .510279 .501918 -916.87960941 -916.87124823
83 160 .584025 .539639 -916.84302295 -916.79863698
83 81 .459557 .667769 -916.84302295 -917.05123527
83 144 .498161 .530126 -916.84302295 -916.87498817
18 23 .394529 .324503 -916.93476182 -916.86473582
18 84 .410937 .541820 -916.93476182 -917.06564497
18 19 .389294 .309801 -916.93476182 -916.85526913
82 83 .391718 .291556 -916.28199146 -916.18182944
82 80 .441822 .495140 -916.28199146 -916.33530979
82 148 .527781 .478963 -916.28199146 -916.23317367
83 160 .589140 .557692 -916.18184917 -916.15040140
83 81 .444325 .648467 -916.18184917 -916.38599146
83 144 .536324 .596052 -916.18184917 -916.24157722
18 23 .380543 .316388 -916.28140064 -916.21724550
18 84 .399301 .532929 -916.28140064 -916.41502868
18 19 .388981 .289502 -916.28140064 -916.18192184
82 83 .830158 .822337 -918.17337258 -918.16555141
82 80 .637510 .603402 -918.17337258 -918.13926430
82 148 .487313 .541173 -918.17337258 -918.22723211
83 160 .564616 .574914 -918.16554467 -918.17584306
83 81 .508422 .535727 -918.16554467 -918.19284988
83 144 .481082 .565669 -918.16554467 -918.25013206
18 23 .986200 .970562 -918.23985190 -918.22421425
18 84 .507319 .436105 -918.23985190 -918.16863833
18 19 1.059526 .993995 -918.23985190 -918.17432059
82 83 .841253 .840055 -917.62758433 -917.62638645
82 80 .657003 .643954 -917.62758433 -917.61453509
82 148 .469468 .533261 -917.62758433 -917.69137730
83 160 .566818 .569667 -917.62639196 -917.62924095
83 81 .540366 .558800 -917.62639196 -917.64482559
83 144 .483211 .557920 -917.62639196 -917.70110114
18 23 1.042721 .994597 -917.76257455 -917.71445019
18 84 .627480 .481368 -917.76257455 -917.61646263
18 19 .799586 .728733 -917.76257455 -917.69172136
82 83 .831016 .737937 -917.26521033 -917.17213107
82 80 .700382 .621207 -917.26521033 -917.18603533
82 148 .562509 .538376 -917.26521033 -917.24107715
83 160 .567137 .585214 -917.17213359 -917.19021076
83 81 .546006 .547903 -917.17213359 -917.17403086
83 144 .478970 .567904 -917.17213359 -917.26106718
18 23 .634901 .694385 -917.31879760 -917.37828124
18 84 .256931 .445067 -917.31879760 -917.50693353
18 19 1.136243 1.042375 -917.31879760 -917.22492964
82 83 .825316 .736029 -916.97488527 -916.88559863
82 80 .775268 .696742 -916.97488527 -916.89635954
82 148 .550660 .526463 -916.97488527 -916.95068852
83 160 .546404 .576399 -916.88560672 -916.91560197
83 81 .570663 .563663 -916.88560672 -916.87860707
83 144 .486455 .557075 -916.88560672 -916.95622718
18 23 .601438 .588538 -917.10048119 -917.08758081
18 84 .341188 .487078 -917.10048119 -917.24637106
18 19 .847087 .717059 -917.10048119 -916.97045325
82 83 .579387 .489043 -916.65612506 -916.56578128
82 80 .308871 .323701 -916.65612506 -916.67095554
82 148 .664388 .517412 -916.65612506 -916.50914892
83 160 .608918 .517430 -916.56578003 -916.47429191
83 81 .282231 .333631 -916.56578003 -916.61717973
83 144 .598230 .554846 -916.56578003 -916.52239611
18 23 .490509 .542371 -916.66197833 -916.71383985
18 84 .342733 .419774 -916.66197833 -916.73901976
18 19 .674253 .569241 -916.66197833 -916.55696649
82 83 .874589 .743448 -915.83165689 -915.70051608
82 80 .497451 .475628 -915.83165689 -915.80983437
82 148 .594452 .546030 -915.83165689 -915.78323538
83 160 .566086 .587064 -915.70051989 -915.72149749
83 81 .512478 .544559 -915.70051989 -915.73260112
83 144 .488471 .549615 -915.70051989 -915.76166364
82 83 .215549 .242438 -918.44290034 -918.46978971
82 80 .467309 .555937 -918.44290034 -918.53152873
82 148 .574672 .499479 -918.44290034 -918.36770714
83 160 .600982 .560875 -918.68789349 -918.64778600
83 81 .574290 .647441 -918.68789349 -918.76104444
83 144 .676536 .631349 -918.68789349 -918.64270680
18 23 .501474 .448010 -918.45220699 -918.39874256
18 84 .701882 .806380 -918.45220699 -918.55670532
18 19 .304698 .331025 -918.45220699 -918.47853381
82 83 .847695 .769385 -916.12063211 -916.04232229
82 80 .465620 .444327 -916.12063211 -916.09933948
82 148 .480919 .510503 -916.12063211 -916.15021611
83 160 .554118 .579873 -916.04232414 -916.06807938
83 81 .512680 .533249 -916.04232414 -916.06289309
83 144 .489414 .549525 -916.04232414 -916.10243531
18 23 .780904 .757110 -916.26037667 -916.23658225
18 84 .420226 .277091 -916.26037667 -916.11724128
18 19 1.222674 1.077400 -916.26037667 -916.11510227
82 83 .459394 .336932 -918.75123203 -918.62877040
82 80 .595653 .612826 -918.75123203 -918.76840455
82 148 .815364 .635264 -918.75123203 -918.57113218
83 160 .591350 .536029 -918.62877339 -918.57345245
83 81 .558468 .616501 -918.62877339 -918.68680623
83 144 .768062 .821866 -918.62877339 -918.68257767
18 23 .204834 .310108 -918.89766912 -919.00294357
18 84 .584285 .581455 -918.89766912 -918.89483930
18 19 .503980 .478938 -918.89766912 -918.87262693
82 83 .490861 .453602 -916.72721625 -916.68995754
82 80 .338534 .401645 -916.72721625 -916.79032725
82 148 .515862 .458588 -916.72721625 -916.66994267
83 160 .633071 .537850 -916.68995935 -916.59473804
83 81 .314933 .321462 -916.68995935 -916.69648811
83 144 .611107 .585800 -916.68995935 -916.66465192
18 23 .783448 .707730 -916.78622773 -916.71050930
18 84 .454646 .339724 -916.78622773 -916.67130532
18 19 .581976 .469879 -916.78622773 -916.67413067
245 240 .597351 .523305 -860.77247849 -860.69843266
245 236 .767524 .659903 -860.77247849 -860.66485749
245 235 .331511 .257870 -860.77247849 -860.69883778
245 251 .463857 .666649 -860.77247849 -860.97527045
245 244 .720714 .687001 -860.77247849 -860.73876574
245 243 .130478 .052222 -861.33753329 -861.25927726
245 244 .202589 .199498 -861.33753329 -861.33444198
245 251 .701619 .801297 -861.33753329 -861.43721146
245 249 .459523 .367581 -861.33753329 -861.24559098
245 239 .547374 .327278 -861.33753329 -861.11743756
245 244 .348191 .275422 -872.44055501 -872.36778621
245 252 .627879 .528974 -872.44055501 -872.34164970
245 226 .451518 .455006 -872.44055501 -872.44404303
245 225 .173083 .249916 -872.44055501 -872.51738787
245 235 .473057 .662366 -872.44055501 -872.62986368
245 230 .722862 .743126 -872.24454906 -872.26481264
245 221 .493336 .405896 -872.24454906 -872.15710874
245 225 .503293 .321152 -872.24454906 -872.06240773
245 243 .637349 .530658 -872.24454906 -872.13785780
245 226 .365422 .219593 -872.24454906 -872.09871983
245 243 .539792 .669139 -883.94768244 -884.07702920
245 251 .686422 .612947 -883.94768244 -883.87420773
245 229 .292632 .253569 -883.94768244 -883.90861933
245 194 .683360 .590639 -883.94768244 -883.85496105
245 238 .487121 .440818 -883.94768244 -883.90137987
245 237 .474615 .409760 -883.42601141 -883.36115612
245 206 .710012 .766224 -883.42601141 -883.48222304
245 229 .407302 .268865 -883.42601141 -883.28757455
245 244 .586023 .507269 -883.42601141 -883.34725752
245 230 .415455 .279188 -883.42601141 -883.28974450
245 250 .444226 .474493 -895.47996769 -895.51023482
245 206 .316108 .341521 -895.47996769 -895.50538062
245 194 .521483 .575175 -895.47996769 -895.53365946
245 237 1.000713 .871630 -895.47996769 -895.35088427
245 239 .623266 .630286 -895.29336209 -895.30038201
245 206 .411604 .339101 -895.29336209 -895.22085927
245 232 .381196 .291427 -895.29336209 -895.20359317
245 252 .261458 .221227 -895.29336209 -895.25313106
245 235 .492621 .298434 -895.29336209 -895.09917475
245 77 .506815 .615166 -906.88136892 -906.98971964
245 206 .356460 .399007 -906.88136892 -906.92391580
245 2 .682825 .682199 -906.88136892 -906.88074267
245 14 .465169 .572075 -906.88136892 -906.98827467
245 243 .357187 .324769 -906.88136892 -906.84895048
245 253 .242392 .396329 -907.00476728 -907.15870409
245 243 .296153 .292784 -907.00476728 -907.00139796
245 236 .445370 .343420 -907.00476728 -906.90281756
245 1 .520104 .439533 -907.00476728 -906.92419595
245 238 .440269 .300691 -907.00476728 -906.86518915
245 61 .659748 .567410 -917.85104335 -917.75870544
245 205 .372353 .377508 -917.85104335 -917.85619831
245 2 .926473 .878527 -917.85104335 -917.80309781
245 14 .556986 .529926 -917.85104335 -917.82398321
245 244 .442350 .391887 -917.85104335 -917.80058031
245 248 .237197 .175806 -918.31333995 -918.25194858
245 1 .494312 .308035 -918.31333995 -918.12706273
230 225 .343770 .209185 -835.22281456 -835.08822929
230 250 .561201 .323037 -835.22281456 -834.98465020
230 206 .092772 .014732 -835.22281456 -835.14477474
230 251 .451518 .361666 -835.22281456 -835.13296265
230 217 .566898 .443508 -835.22281456 -835.09942490
230 225 .465002 .500466 -834.88737420 -834.92283849
230 224 .310770 .344898 -834.88737420 -834.92150255
230 254 4.487515 4.607260 -834.88737420 -835.00711943
230 244 .307175 .191045 -834.88737420 -834.77124444
230 208 .746776 .679125 -834.88737420 -834.81972274
235 233 .532666 .483846 -859.30339406 -859.25457452
235 237 .533100 .637054 -859.30339406 -859.40734799
235 223 .143566 .189340 -859.30339406 -859.34916851
235 252 .609911 .685519 -859.30339406 -859.37900159
235 246 .446210 .373630 -859.30339406 -859.23081379
235 248 .525693 .727894 -859.66760241 -859.86980355
235 222 .263794 .630804 -859.66760241 -860.03461220
235 233 .710849 .785706 -859.66760241 -859.74245895
235 221 .230814 .323696 -859.66760241 -859.76048432
235 226 .587409 .702564 -859.66760241 -859.78275785
240 238 .596319 .456169 -871.53008727 -871.38993693
240 241 .553753 .597379 -871.53008727 -871.57371311
240 228 .149001 .161702 -871.53008727 -871.54278780
240 252 .688869 .693071 -871.53008727 -871.53428929
240 248 .478917 .387038 -871.53008727 -871.43820854
240 248 .623344 .760319 -871.87053804 -872.00751279
240 228 .557635 .564456 -871.87053804 -871.87735953
240 236 .638390 .630012 -871.87053804 -871.86216007
240 225 .273103 .309399 -871.87053804 -871.90683421
245 14 .746117 .618326 -883.68816914 -883.56037767
245 49 .841091 .582213 -883.68816914 -883.42929139
245 13 .283477 .196118 -883.68816914 -883.60081008
245 2 1.065212 .780050 -883.68816914 -883.40300674
245 229 .246867 .251272 -883.68816914 -883.69257462
245 228 .076748 .034973 -884.16489074 -884.12311568
245 250 .688397 .623721 -884.16489074 -884.10021456
245 254 .914784 .898405 -884.16489074 -884.14851159
245 230 .303747 .184036 -884.16489074 -884.04517991
245 51 .554063 .343606 -884.16489074 -883.95443360
245 240 .471190 .242648 -895.43000034 -895.20145801
245 206 .311512 .264476 -895.43000034 -895.38296455
245 195 .390723 .239130 -895.43000034 -895.27840741
245 231 .228026 .162777 -895.43000034 -895.36475141
245 243 .554561 .382851 -895.43000034 -895.25829020
245 206 .608213 .511051 -895.55281896 -895.45565705
245 248 .722851 .550681 -895.55281896 -895.38064920
245 232 .233088 .234420 -895.55281896 -895.55415099
245 241 .350419 .440504 -895.55281896 -895.64290405
245 253 .588594 .465833 -895.55281896 -895.43005797
250 243 .209140 .210982 -907.65810399 -907.65994559
250 194 .739867 .687434 -907.65810399 -907.60567068
250 61 .902070 .922382 -907.65810399 -907.67841569
250 195 .470250 .380425 -907.65810399 -907.56827934
250 246 .452281 .291721 -907.65810399 -907.49754448
250 194 .523307 .554045 -907.80490546 -907.83564339
250 238 .385144 .342303 -907.80490546 -907.76206413
250 206 .644743 .608042 -907.80490546 -907.76820465
250 236 .492689 .491605 -907.80490546 -907.80382174
250 247 .406554 .417949 -930.94801199 -930.95940689
250 13 .746190 .644487 -930.94801199 -930.84630875
250 253 .312988 .314037 -930.94801199 -930.94906053
250 1 .736426 .567056 -930.94801199 -930.77864171
250 251 .376214 .375962 -930.94801199 -930.94776007
250 3 .440587 .548034 -930.77294088 -930.88038758
250 195 .545452 .591782 -930.77294088 -930.81927127
250 194 .538245 .601794 -930.77294088 -930.83648988
250 14 .542873 .522803 -930.77294088 -930.75287095
250 49 .524015 .607596 -930.77294088 -930.85652198
230 233 .511464 .644658 -846.73864731 -846.87184176
230 252 .609186 .695649 -846.73864731 -846.82511056
230 245 .446451 .378258 -846.73864731 -846.67045465
230 252 .853201 1.014320 -847.47219757 -847.63331702
230 233 .217157 .307950 -847.47219757 -847.56299063
240 235 .376093 .209432 -860.81827725 -860.65161589
240 251 .574026 .280800 -860.81827725 -860.52505129
240 216 .113881 .001193 -860.81827725 -860.70558899
240 252 .477292 .353371 -860.81827725 -860.69435663
240 229 .568441 .417287 -860.81827725 -860.66712308
240 235 .471103 .459661 -860.58495346 -860.57351117
240 234 .328768 .286212 -860.58495346 -860.54239770
240 254 .606207 .696650 -860.58495346 -860.67539636
240 248 .305842 .167556 -860.58495346 -860.44666747
240 220 .769142 .676303 -860.58495346 -860.49211477
245 238 .147491 .042473 -873.00180612 -872.89678821
245 234 .303912 .104898 -873.00180612 -872.80279178
245 254 .547515 .309708 -873.00180612 -872.76399948
245 226 .396212 .257982 -873.00180612 -872.86357603
245 51 .813518 .425130 -873.00180612 -872.61341800
245 252 .477847 .418517 -872.21459319 -872.15526364
245 249 .235443 .215835 -872.21459319 -872.19498518
245 226 .451117 .327354 -872.21459319 -872.09083027
245 51 .346537 .355133 -872.21459319 -872.22318968
245 222 .511627 .418226 -872.21459319 -872.12119196
250 237 .333101 .141931 -885.14001074 -884.94884116
250 235 .067680 .030578 -885.14001074 -885.10290872
250 229 .399879 .259795 -885.14001074 -884.99992719
250 14 .849170 .496799 -885.14001074 -884.78763981
250 243 .557386 .562217 -884.29875887 -884.30359025
250 229 .661068 .577763 -884.29875887 -884.21545405
250 13 .652417 .535928 -884.29875887 -884.18226978
250 14 .818157 .777160 -884.29875887 -884.25776179
250 14 .785604 .658115 -895.92941560 -895.80192658
250 49 .849900 .647301 -895.92941560 -895.72681691
250 13 .415075 .327908 -895.92941560 -895.84224841
250 2 1.043190 .819051 -895.92941560 -895.70527703
250 233 .673062 .576202 -895.92941560 -895.83255595
250 49 .840468 .903516 -895.95090700 -896.01395525
250 236 .518932 .489280 -895.95090700 -895.92125523
250 243 .535014 .523953 -895.95090700 -895.93984573
250 51 .607316 .568218 -895.95090700 -895.91180862
250 13 .600809 .552506 -895.95090700 -895.90260391
240 206 .283394 .330612 -905.17007541 -905.21729339
240 244 .296998 .285455 -905.17007541 -905.15853247
240 248 .538428 .470910 -905.17007541 -905.10255734
240 194 .319890 .302521 -905.17007541 -905.15270614
240 206 .359000 .256112 -905.47702139 -905.37413350
240 243 .239805 .154529 -905.47702139 -905.39174510
240 2 .611257 .482331 -905.47702139 -905.34809548
240 249 .568871 .504896 -905.47702139 -905.41304592
235 230 .336766 .198100 -848.24580493 -848.10713905
235 250 .581148 .325546 -848.24580493 -847.99020246
235 211 .103205 .013511 -848.24580493 -848.15611070
235 251 .452192 .353004 -848.24580493 -848.14661739
235 224 .579508 .445353 -848.24580493 -848.11164960
235 230 .459200 .490042 -847.92944781 -847.96028973
235 229 .310460 .339537 -847.92944781 -847.95852491
235 254 .600437 .705966 -847.92944781 -848.03497641
235 245 .306740 .176669 -847.92944781 -847.79937706
235 214 .753785 .683294 -847.92944781 -847.85895689
230 13 .686758 .610813 -869.34608087 -869.27013566
230 243 .561406 .486832 -869.34608087 -869.27150733
230 249 .514922 .344941 -869.34608087 -869.17610010
230 233 .300747 .275967 -869.34608087 -869.32130098
230 252 .343403 .394822 -869.34608087 -869.39750024
230 236 .412742 .283307 -869.57191557 -869.44248011
230 249 .360541 .285304 -869.57191557 -869.49667852
230 243 .472547 .421030 -869.57191557 -869.52039837
235 13 .757886 .673923 -881.57014181 -881.48617838
235 243 .550418 .485124 -881.57014181 -881.50484820
235 250 .498832 .296382 -881.57014181 -881.36769154
235 234 .196222 .188407 -881.57014181 -881.56232649
235 252 .354096 .377951 -881.57014181 -881.59399632
235 249 .185134 .188734 -881.75609223 -881.75969258
235 61 .560424 .385649 -881.75609223 -881.58131750
235 244 .414331 .331285 -881.75609223 -881.67304656
230 235 .210277 .169064 -880.31821768 -880.27700514
230 246 .493564 .367319 -880.31821768 -880.19197248
230 250 .380445 .229839 -880.31821768 -880.16761194
230 242 .456103 .404060 -880.31821768 -880.26617421
230 234 .252123 .208919 -880.31821768 -880.27501411
230 238 .232714 .128461 -880.64413138 -880.53987838
230 239 .246835 .197792 -880.64413138 -880.59508802
230 243 .194321 .136314 -880.64413138 -880.58612427
230 61 .395606 .213018 -880.64413138 -880.46154366
230 247 .215270 .095035 -880.64413138 -880.52389628
235 236 .196619 .187844 -892.59484718 -892.58607180
235 246 .467848 .400887 -892.59484718 -892.52788661
235 248 .554113 .436875 -892.59484718 -892.47760913
235 239 .274754 .246580 -892.59484718 -892.56667331
235 240 .278569 .138991 -892.91578612 -892.77620806
235 244 .274470 .237553 -892.91578612 -892.87886946
235 2 .625495 .511938 -892.91578612 -892.80222944
235 248 .578466 .525206 -892.91578612 -892.86252629
250 193 .273961 .419916 -919.19067431 -919.33662910
250 14 .494657 .586285 -919.19067431 -919.28230249
250 242 .683361 .659295 -919.19067431 -919.16660811
250 246 .545541 .590581 -919.19067431 -919.23571454
250 248 .414127 .440168 -919.27267484 -919.29871556
250 1 .674079 .658248 -919.27267484 -919.25684413
250 3 .477264 .467458 -919.27267484 -919.26286911
250 14 .253922 .414545 -919.27267484 -919.43329751
230 232 .486990 .313981 -859.00405737 -858.83104858
230 249 .379992 .032975 -859.00405737 -858.65704061
230 252 .614746 .272597 -859.00405737 -858.66190815
230 251 .511908 .216076 -859.00405737 -858.70822563
230 251 .300023 .235555 -858.75509815 -858.69063001
230 229 .159930 .110964 -858.75509815 -858.70613169
235 234 .246544 .092546 -871.14811918 -870.99412093
235 249 .406551 .066871 -871.14811918 -870.80843957
235 252 .589215 .292423 -871.14811918 -870.85132691
235 194 1.047005 .561919 -871.14811918 -870.66303351
235 251 .513416 .272405 -871.14811918 -870.90710773
235 251 .308360 .239608 -870.88002533 -870.81127345
235 234 .182196 .126944 -870.88002533 -870.82477364
240 237 .480871 .163978 -883.22738447 -882.91049177
240 232 .333776 .119615 -883.22738447 -883.01322365
240 206 .361912 .231120 -883.22738447 -883.09659203
240 233 .587294 .407427 -883.22738447 -883.04751797
240 238 .134882 .098488 -883.22738447 -883.19099077
240 206 .528384 .492608 -882.94154237 -882.90576681
240 246 .701403 .517322 -882.94154237 -882.75746123
240 227 .218867 .230953 -882.94154237 -882.95362844
240 238 .343578 .461101 -882.94154237 -883.05906547
240 252 .570798 .424535 -882.94154237 -882.79527889
240 13 .815759 .712213 -893.93357549 -893.83002953
240 241 .353735 .341446 -893.93357549 -893.92128609
240 251 .526287 .333505 -893.93357549 -893.74079347
240 252 .356020 .408754 -893.93357549 -893.98630963
240 61 .574119 .391513 -894.14388204 -893.96127637
240 250 .383952 .321645 -894.14388204 -894.08157540
240 51 1.231474 1.173059 -894.14388204 -894.08546697
240 247 .432160 .347243 -894.14388204 -894.05896550
245 63 .200257 .422840 -906.52814446 -906.75072715
245 14 .432659 .600476 -906.52814446 -906.69596152
245 255 .280453 .385005 -906.52814446 -906.63269632
245 237 .667634 .661158 -906.52814446 -906.52166890
245 243 .688875 .708248 -906.52814446 -906.54751755
245 252 .414147 .414572 -906.68139168 -906.68181682
245 1 .733717 .620717 -906.68139168 -906.56839195
245 3 .415859 .396648 -906.68139168 -906.66218094
245 255 .220535 .282231 -906.68139168 -906.74308811
245 64 .765025 .630218 -906.68139168 -906.54658471
245 246 .316926 .262002 -918.23636775 -918.18144399
245 113 .515221 .326856 -918.23636775 -918.04800309
245 254 .473788 .315770 -918.23636775 -918.07835018
245 2 .588308 .573603 -918.23636775 -918.22166320
245 249 .296961 .209881 -918.23636775 -918.14928742
245 13 .575065 .537704 -917.96139930 -917.92403878
245 206 .444666 .429937 -917.96139930 -917.94667074
245 195 .613012 .549559 -917.96139930 -917.89794661
245 49 .412766 .506385 -917.96139930 -918.05501880
245 51 .550078 .438742 -917.96139930 -917.85006284
255 63 .420324 .452803 -913.27935238 -913.31183157
255 3 .913634 .911556 -913.27935238 -913.27727409
255 1 .617379 .551901 -913.27935238 -913.21387436
255 206 .513559 .557181 -913.27935238 -913.32297451
255 254 .426096 .480134 -913.27935238 -913.33339068
255 247 .537995 .500001 -913.35958707 -913.32159264
255 253 .361036 .267241 -913.35958707 -913.26579166
255 2 .916635 .764984 -913.35958707 -913.20793563
255 13 .757873 .650674 -913.35958707 -913.25238840
255 238 .494832 .292653 -913.35958707 -913.15740808
255 246 .485923 .477426 -913.12498828 -913.11649112
255 193 .668581 .721860 -913.12498828 -913.17826752
255 51 .665512 .573269 -913.12498828 -913.03274505
255 252 .579869 .650085 -913.12498828 -913.19520383
255 251 .554117 .641552 -913.12498828 -913.21242347
255 51 .816801 .654497 -913.16890390 -913.00659991
255 2 .391242 .316980 -913.16890390 -913.09464220
255 194 .387844 .313591 -913.16890390 -913.09465058
255 3 .830080 .701097 -913.16890390 -913.03992099
255 244 .428231 .390664 -913.16890390 -913.13133699
255 65 .439361 .471905 -918.00229519 -918.03483911
255 3 .880507 .890069 -918.00229519 -918.01185681
255 1 .601008 .558734 -918.00229519 -917.96002120
255 206 .573264 .636491 -918.00229519 -918.06552188
255 254 .436586 .512543 -918.00229519 -918.07825181
255 247 .732940 .531450 -918.05062685 -917.84913652
255 253 .357523 .250218 -918.05062685 -917.94332218
255 2 .928213 .767693 -918.05062685 -917.89010711
255 13 .719041 .589905 -918.05062685 -917.92149116
255 240 .495581 .270855 -918.05062685 -917.82590101
255 244 .455485 .500973 -917.79619081 -917.84167850
255 61 .662637 .683534 -917.79619081 -917.81708799
255 51 .594467 .541596 -917.79619081 -917.74331984
255 252 .634190 .719693 -917.79619081 -917.88169407
255 251 .421836 .473258 -917.79619081 -917.84761247
255 51 .783257 .626105 -917.88570696 -917.72855486
255 2 .394250 .326267 -917.88570696 -917.81772440
255 194 .443903 .360011 -917.88570696 -917.80181480
255 3 .797521 .666170 -917.88570696 -917.75435586
255 244 .454292 .450739 -917.88570696 -917.88215394
255 195 .505576 .546392 -922.71853294 -922.75934884
255 194 .617188 .648173 -922.71853294 -922.74951770
255 13 .637423 .664930 -922.71853294 -922.74603967
255 243 .445664 .453578 -922.71853294 -922.72644704
255 1 .702226 .735995 -922.71853294 -922.75230208
255 3 .510015 .523441 -922.65983928 -922.67326515
255 14 .685636 .695509 -922.65983928 -922.66971257
255 249 .604993 .602114 -922.65983928 -922.65696022
255 13 .470664 .514358 -922.65983928 -922.70353309
255 248 .439369 .528208 -922.65983928 -922.74867854
255 254 .401905 .363359 -922.67185808 -922.63331175
255 206 .703467 .666293 -922.67185808 -922.63468446
255 61 .633532 .623963 -922.67185808 -922.66228934
255 1 .722516 .724486 -922.67185808 -922.67382839
255 194 .753585 .762468 -922.67185808 -922.68074103
255 206 .496489 .533201 -922.71447077 -922.75118313
255 61 .549620 .579614 -922.71447077 -922.74446431
255 14 .660925 .700898 -922.71447077 -922.75444382
255 244 .437672 .418448 -922.71447077 -922.69524685
255 13 .467189 .480501 -922.71447077 -922.72778305
255 195 .479747 .520840 -927.40665237 -927.44774575
255 194 .595254 .628271 -927.40665237 -927.43966951
255 13 .642511 .668771 -927.40665237 -927.43291227
255 1 .749123 .770740 -927.40665237 -927.42826939
255 3 .464776 .477592 -927.33360486 -927.34642115
255 14 .765018 .748960 -927.33360486 -927.31754641
255 251 .622110 .611571 -927.33360486 -927.32306566
255 13 .532026 .564800 -927.33360486 -927.36637932
255 250 .412180 .494828 -927.33360486 -927.41625260
255 254 .411671 .423364 -927.32112716 -927.33281971
255 195 .600987 .560424 -927.32112716 -927.28056387
255 61 .670864 .694283 -927.32112716 -927.34454587
255 1 .630369 .596423 -927.32112716 -927.28718105
255 194 .557207 .570072 -927.32112716 -927.33399185
255 206 .523304 .572854 -927.42324277 -927.47279250
255 51 .599814 .607685 -927.42324277 -927.43111409
255 14 .573861 .587473 -927.42324277 -927.43685515
255 242 .666085 .758300 -927.42324277 -927.51545774
255 13 .461131 .486226 -927.42324277 -927.44833817
255 13 .692908 .700682 -931.93038406 -931.93815827
255 254 .417063 .453776 -931.93038406 -931.96709713
255 49 .467269 .493985 -931.93038406 -931.95709987
255 2 .627280 .734813 -931.93038406 -932.03791742
255 2 .639827 .624902 -931.96177423 -931.94684932
255 246 .563692 .554011 -931.96177423 -931.95209367
255 14 .504535 .576500 -931.96177423 -932.03373925
255 3 .530928 .530880 -931.96177423 -931.96172573
255 195 .678165 .662449 -931.96177423 -931.94605782
255 2 .542410 .450488 -932.07076282 -931.97884128
255 49 .794801 .720346 -932.07076282 -931.99630803
255 1 .728444 .681968 -932.07076282 -932.02428698
255 13 .787890 .743043 -932.07076282 -932.02591629
255 61 .776218 .789674 -932.07076282 -932.08421837
255 13 .478200 .511445 -932.02574954 -932.05899473
255 254 .532224 .498385 -932.02574954 -931.99191042
255 61 .523050 .526755 -932.02574954 -932.02945490
255 2 .725044 .795894 -932.02574954 -932.09659911
255 251 .508057 .524032 -932.02574954 -932.04172429
255 49 .440908 .423417 -936.67541555 -936.65792462
255 51 .648995 .654744 -936.67541555 -936.68116435
255 3 .671576 .654110 -936.67541555 -936.65794928
255 250 .488086 .507630 -936.67541555 -936.69495993
255 243 .796244 .743186 -936.67541555 -936.62235796
255 194 .595466 .623239 -936.73808043 -936.76585310
255 49 .825136 .808674 -936.73808043 -936.72161885
255 1 .612236 .619764 -936.73808043 -936.74560879
255 61 .696021 .686144 -936.73808043 -936.72820299
255 254 .343783 .385289 -936.73808043 -936.77958613
255 14 .686315 .700077 -936.75954622 -936.77330802
255 194 .650036 .693695 -936.75954622 -936.80320535
255 195 .632031 .648432 -936.75954622 -936.77594747
255 2 .711291 .693251 -936.75954622 -936.74150666
255 250 .427593 .444957 -936.75954622 -936.77691006
255 206 .771756 .774403 -936.68829386 -936.69094063
255 49 .600687 .610388 -936.68829386 -936.69799449
255 51 .703164 .738230 -936.68829386 -936.72335949
255 243 .832992 .826772 -936.68829386 -936.68207427
255 251 .350152 .390989 -936.68829386 -936.72913071
255 49 .490618 .482877 -941.40751010 -941.39976947
255 51 .513829 .506348 -941.40751010 -941.40002872
255 3 .665305 .666133 -941.40751010 -941.40833815
255 195 .815868 .782332 -941.40751010 -941.37397401
255 194 .628025 .628670 -941.43026676 -941.43091153
255 49 .815616 .792939 -941.43026676 -941.40758973
255 1 .577090 .559270 -941.43026676 -941.41244713
255 61 .684485 .661889 -941.43026676 -941.40767034
255 254 .356210 .402205 -941.43026676 -941.47626133
255 14 .683708 .690407 -941.42841740 -941.43511688
255 194 .614115 .681857 -941.42841740 -941.49615924
255 195 .629806 .680365 -941.42841740 -941.47897658
255 2 .647620 .654793 -941.42841740 -941.43558999
255 251 .455208 .444534 -941.42841740 -941.41774323
255 61 .521309 .506516 -941.40975226 -941.39495896
255 49 .664920 .682564 -941.40975226 -941.42739653
255 51 .575467 .583607 -941.40975226 -941.41789245
255 195 .702523 .710389 -941.40975226 -941.41761784
255 250 .483004 .496434 -941.40975226 -941.42318180
255 51 .584816 .595483 -946.06985455 -946.08052151
255 13 .824485 .829370 -946.06985455 -946.07473979
255 2 .501978 .522704 -946.06985455 -946.09058022
255 14 .469573 .486238 -946.06985455 -946.08651936
255 2 .519904 .554439 -946.06282395 -946.09735909
255 1 .784465 .784631 -946.06282395 -946.06299012
255 61 .516904 .528743 -946.06282395 -946.07466329
255 206 .615109 .665500 -946.06282395 -946.11321467
255 49 .708221 .726092 -946.09416915 -946.11204028
255 51 .576988 .603256 -946.09416915 -946.12043701
255 206 .508686 .521098 -946.09416915 -946.10658088
255 14 .552257 .567422 -946.09416915 -946.10933413
255 13 .553926 .567072 -946.09416915 -946.10731561
255 194 .671679 .675780 -946.08693384 -946.09103463
255 1 .712844 .684777 -946.08693384 -946.05886661
255 14 .477194 .487295 -946.08693384 -946.09703514
255 254 .447448 .423495 -946.08693384 -946.06298127
255 51 .616714 .601033 -950.75885360 -950.74317242
255 243 .615371 .599036 -950.75885360 -950.74251840
255 13 .588533 .590203 -950.75885360 -950.76052312
255 2 .535690 .528518 -950.75885360 -950.75168129
255 14 .548451 .539076 -950.75885360 -950.74947904
255 2 .527634 .553912 -950.74984456 -950.77612245
255 243 .716412 .716413 -950.74984456 -950.74984512
255 1 .704042 .702013 -950.74984456 -950.74781604
255 61 .536287 .536276 -950.74984456 -950.74983364
255 195 .704044 .702013 -950.74984456 -950.74781334
255 49 .575934 .599836 -950.74494555 -950.76884790
255 51 .590804 .612496 -950.74494555 -950.76663802
255 195 .575934 .599836 -950.74494555 -950.76884790
255 14 .590774 .590774 -950.74494555 -950.74494555
255 13 .590804 .612496 -950.74494555 -950.76663802
255 194 .657567 .650550 -950.76494157 -950.75792424
255 1 .693530 .675878 -950.76494157 -950.74728983
255 14 .501496 .492628 -950.76494157 -950.75607399
255 254 .442169 .427723 -950.76494157 -950.75049602
225 253 .201965 .139413 -857.64061146 -857.57805963
225 49 .525767 .368388 -857.64061146 -857.48323242
225 249 .504954 .514409 -857.64061146 -857.65006655
225 254 .201266 .135120 -857.64061146 -857.57446545
225 240 .378665 .374403 -857.64061146 -857.63634971
225 251 .247380 .277966 -857.50754525 -857.53813084
225 243 .143370 .267068 -857.50754525 -857.63124372
225 233 .080792 .229839 -857.50754525 -857.65659249
225 234 .133461 .313455 -857.50754525 -857.68753876
230 195 .537902 .436819 -869.98256488 -869.88148227
230 243 .321859 .322659 -869.98256488 -869.98336481
230 237 .399974 .393841 -869.98256488 -869.97643185
230 254 .397053 .361805 -869.98256488 -869.94731648
230 252 .144274 .213100 -869.84083023 -869.90965659
230 237 .305137 .446608 -869.84083023 -869.98230089
230 195 .401143 .415360 -869.84083023 -869.85504696
230 239 .178079 .230144 -869.84083023 -869.89289507
230 250 .174371 .266867 -869.84083023 -869.93332613
235 61 .637680 .544786 -882.24790012 -882.15500616
235 244 .336879 .336349 -882.24790012 -882.24736992
235 195 .546106 .484757 -882.24790012 -882.18655135
235 254 .405111 .338855 -882.24790012 -882.18164459
235 252 .307157 .391155 -881.71749322 -881.80149078
235 195 .394556 .430453 -881.71749322 -881.75339012
235 1 .314062 .387576 -881.71749322 -881.79100699
235 244 .253825 .244605 -881.71749322 -881.70827359
240 241 .511525 .499588 -894.20328431 -894.19134740
240 13 .692316 .589587 -894.20328431 -894.10055511
240 3 .346538 .236067 -894.20328431 -894.09281363
240 51 .364754 .305403 -894.20328431 -894.14393337
240 49 .444858 .333248 -894.20328431 -894.09167433
240 252 .279424 .308907 -894.53501562 -894.56449857
240 206 .264546 .223156 -894.53501562 -894.49362556
240 13 .711129 .487152 -894.53501562 -894.31103870
245 246 .542273 .523266 -906.96104574 -906.94203837
245 13 .719258 .614605 -906.96104574 -906.85639320
223 233 .263540 .150066 -852.76033441 -852.64686068
223 243 .443989 .464257 -852.76033441 -852.78060267
223 245 .158032 .157856 -852.76033441 -852.76015826
223 252 .521061 .485955 -852.68066663 -852.64556048
223 226 .114311 .136030 -852.68066663 -852.70238565
223 253 .254761 .382874 -852.68066663 -852.80878010
239 13 .368135 .493995 -891.60494563 -891.73080591
239 1 .546837 .525931 -891.60494563 -891.58403976
239 49 .430653 .445082 -891.60494563 -891.61937441
239 195 .667971 .611853 -891.60494563 -891.54882718
239 3 .664408 .649467 -891.76957780 -891.75463711
239 249 .388501 .525367 -891.76957780 -891.90644402
239 253 .267131 .429489 -891.76957780 -891.93193577
239 61 .841791 .904409 -891.76957780 -891.83219536
247 3 .582113 .505793 -911.77862430 -911.70230419
247 1 .595412 .622019 -911.77862430 -911.80523124
247 14 .516215 .491214 -911.77862430 -911.75362379
247 61 .385888 .393477 -911.77862430 -911.78621291
247 249 .523888 .594617 -911.77862430 -911.84935355
247 2 .485132 .533520 -911.78071298 -911.82910087
247 251 .305290 .317194 -911.78071298 -911.79261735
247 195 .615050 .591135 -911.78071298 -911.75679797
247 252 .467045 .472441 -911.78071298 -911.78610861
247 3 .784133 .682160 -911.78071298 -911.67874031
251 243 .340740 .395216 -921.85012919 -921.90460556
251 206 .745578 .720018 -921.85012919 -921.82456917
251 49 .569949 .593408 -921.85012919 -921.87358784
251 61 .573077 .548624 -921.85012919 -921.82567629
251 2 .429678 .433568 -921.85012919 -921.85401891
251 249 .638868 .668874 -921.39379960 -921.42380524
251 51 .740329 .737125 -921.39379960 -921.39059568
251 206 .479004 .504699 -921.39379960 -921.41949452
251 3 .664657 .729991 -921.39379960 -921.45913396
251 195 .532178 .572352 -921.39379960 -921.43397401
237 252 .294635 .296474 -908.57330706 -908.57514570
237 249 .312840 .313188 -908.57330706 -908.57365477
237 253 .326077 .308586 -908.57330706 -908.55581603
237 206 .519862 .469342 -908.57330706 -908.52278694
237 194 .403202 .474630 -908.57330706 -908.64473484
237 243 .327884 .271720 -908.50471593 -908.44855223
237 3 .554908 .498345 -908.50471593 -908.44815321
237 61 .470413 .513578 -908.50471593 -908.54788077
237 248 .339694 .271547 -908.50471593 -908.43656901
237 206 .457876 .511484 -908.50471593 -908.55832378
237 49 .417785 .391729 -908.65189432 -908.62583810
237 195 .452491 .450895 -908.65189432 -908.65029880
237 1 .479374 .443224 -908.65189432 -908.61574407
237 240 .310068 .255365 -908.65189432 -908.59719083
237 248 .310733 .269132 -908.65189432 -908.61029334
237 206 .511245 .427295 -908.81089065 -908.72694064
237 13 .602213 .443931 -908.81089065 -908.65260883
237 239 .297510 .287583 -908.81089065 -908.80096355
237 195 .530421 .458007 -908.81089065 -908.73847692
237 61 .494083 .462601 -908.81089065 -908.77940890
239 250 .288522 .306978 -913.72921441 -913.74767054
239 243 .274924 .296716 -913.72921441 -913.75100676
239 253 .300607 .306283 -913.72921441 -913.73489082
239 195 .569986 .543426 -913.72921441 -913.70265394
239 61 .547759 .539216 -913.72921441 -913.72067126
239 243 .329531 .276631 -913.66983068 -913.61693038
239 61 .470363 .521341 -913.66983068 -913.72080858
239 249 .335152 .275024 -913.66983068 -913.60970243
239 206 .461846 .522251 -913.66983068 -913.73023524
239 49 .412245 .393192 -913.82638202 -913.80732884
239 195 .460835 .460262 -913.82638202 -913.82580947
239 1 .510023 .436234 -913.82638202 -913.75259332
239 242 .328017 .265953 -913.82638202 -913.76431755
239 250 .296365 .269697 -913.82638202 -913.79971418
239 13 .594215 .451432 -913.85493797 -913.71215511
239 206 .516027 .436184 -913.85493797 -913.77509484
239 61 .474376 .460155 -913.85493797 -913.84071728
239 49 .376136 .485331 -913.85493797 -913.96413313
241 51 .488048 .424771 -919.14203227 -919.07875548
241 242 .376641 .264409 -919.14203227 -919.02980038
241 247 .322336 .281245 -919.14203227 -919.10094096
241 1 .493324 .423001 -919.14203227 -919.07170901
241 194 .593260 .487432 -919.14203227 -919.03620462
241 1 .461501 .456719 -919.13387191 -919.12908998
241 195 .579161 .491516 -919.13387191 -919.04622689
241 13 .570893 .427571 -919.13387191 -918.99055013
241 206 .652349 .524370 -919.13387191 -919.00589247
241 194 .494160 .503205 -919.13387191 -919.14291676
241 253 .354107 .239440 -918.96723777 -918.85257115
241 249 .312226 .272541 -918.96723777 -918.92755228
241 250 .307298 .242831 -918.96723777 -918.90277106
241 251 .266368 .258192 -918.96723777 -918.95906140
241 195 .543555 .434683 -918.96723777 -918.85836595
