0	0.000000	0.000000	0.000000
0.05	0.0230983	0.00029113257213075	-0.0250117920932385
0.1	0.0461966	0.001146389220706	-0.0488455060713992
0.15	0.0692949	0.00253855834400025	-0.0715011419344822
0.2	0.0923932	0.004440428340288	-0.0929786996824875
0.25	0.1154915	0.00682478760784375	-0.113278179315415
0.3	0.1385898	0.009664424544942	-0.132399580833265
0.35	0.1616881	0.0129321275498572	-0.150342904236037
0.4	0.1847864	0.016600685020864	-0.167108149523731
0.45	0.2078847	0.0206428853562368	-0.182695316696348
0.5	0.230983	0.02503151695425	-0.197104405753887
0.55	0.2540813	0.0297393682131783	-0.210335416696348
0.6	0.2771796	0.034739227531296	-0.222388349523731
0.65	0.3002779	0.0400038833068778	-0.233263204236037
0.7	0.3233762	0.045506123938198	-0.242959980833265
0.75	0.3464745	0.0512187378235312	-0.251478679315415
0.8	0.3695728	0.057114513361152	-0.258819299682487
0.85	0.3926711	0.0631662389493347	-0.264981841934482
0.9	0.4157694	0.069346702986354	-0.269966306071399
0.95	0.4388677	0.0756286938704843	-0.273772692093238
1	0.461966	0.081985	-0.276401
1.05	0.4850311	0.0884054488270682	-0.280206539144628
1.1	0.5080962	0.094905605486026	-0.283312553116137
1.15	0.5311613	0.101469335358803	-0.285719041914527
1.2	0.5542264	0.108080503827328	-0.287426005539798
1.25	0.5772915	0.114722976273531	-0.288433443991951
1.3	0.6003566	0.121380618079342	-0.288741357270985
1.35	0.6234217	0.12803729462669	-0.288349745376901
1.4	0.6464868	0.134676871297504	-0.287258608309697
1.45	0.6695519	0.141283213473714	-0.285467946069375
1.5	0.692617	0.14784018653725	-0.282977758655935
1.55	0.7156821	0.154331655870041	-0.279788046069375
1.6	0.7387472	0.160741486854016	-0.275898808309697
1.65	0.7618123	0.167053544871105	-0.271310045376901
1.7	0.7848774	0.173251695303238	-0.266021757270985
1.75	0.8079425	0.179319803532344	-0.260033943991951
1.8	0.8310076	0.185241734940352	-0.253346605539798
1.85	0.8540727	0.191001354909192	-0.245959741914527
1.9	0.8771378	0.196582528820794	-0.237873353116136
1.95	0.9002029	0.201969122057087	-0.229087439144628
2	0.923268	0.207145	-0.219602
2.05	0.9460444	0.212049693704446	-0.211020256295903
2.1	0.9688208	0.216754838229808	-0.202079548771184
2.15	0.9915972	0.221252257672522	-0.192779877425844
2.2	1.0143736	0.225533776129024	-0.183121242259883
2.25	1.03715	0.22959121769575	-0.1731036432733
2.3	1.0599264	0.233416406469136	-0.162727080466097
2.35	1.0827028	0.237001166545618	-0.151991553838271
2.4	1.1054792	0.240337322021632	-0.140897063389825
2.45	1.1282556	0.243416696993614	-0.129443609120757
2.5	1.151032	0.246231115558	-0.117631191031067
2.55	1.1738084	0.248772401811226	-0.105459809120757
2.6	1.1965848	0.251032379849728	-0.0929294633898246
2.65	1.2193612	0.253002873769942	-0.0800401538382712
2.7	1.2421376	0.254675707668304	-0.0667918804660966
2.75	1.264914	0.25604270564125	-0.0531846432733005
2.8	1.2876904	0.257095691785216	-0.0392184422598831
2.85	1.3104668	0.257826490196638	-0.0248932774258443
2.9	1.3332432	0.258226924971952	-0.0102091487711842
2.95	1.3560196	0.258288820207594	0.00483394370409716
3	1.378796	0.258004	0.020236
3.05	1.4035407	0.257336352034273	0.0337300365199518
3.1	1.4282854	0.256334565825806	0.0472428534062244
3.15	1.4530301	0.254998176660068	0.0607744506588179
3.2	1.4777748	0.253326719822528	0.0743248282777322
3.25	1.5025195	0.251319730598656	0.0878939862629674
3.3	1.5272642	0.248976744273922	0.101481924614524
3.35	1.5520089	0.246297296133795	0.115088643332401
3.4	1.5767536	0.243280921463744	0.128714142416598
3.45	1.6014983	0.239927155549239	0.142358421867117
3.5	1.626243	0.23623553367575	0.156021481683957
3.55	1.6509877	0.232205591128746	0.169703321867117
3.6	1.6757324	0.227836863193696	0.183403942416598
3.65	1.7004771	0.22312888515607	0.197123343332401
3.7	1.7252218	0.218081192301338	0.210861524614524
3.75	1.7499665	0.212693319914969	0.224618486262967
3.8	1.7747112	0.206964803282432	0.238394228277732
3.85	1.7994559	0.200895177689197	0.252188750658818
3.9	1.8242006	0.194483978420734	0.266002053406224
3.95	1.8489453	0.187730740762512	0.279834136519952
4	1.873690	0.180635	0.293685
4.05	1.89812465	0.173379119521033	0.300147810756707
4.1	1.9225593	0.165970314728943	0.306202004591656
4.15	1.94699395	0.158418570035198	0.311847581504846
4.2	1.9714286	0.150733869851264	0.317084541496277
4.25	1.99586325	0.142926198588609	0.32191288456595
4.3	2.0202979	0.135005540658701	0.326332610713863
4.35	2.04473255	0.126981880473006	0.330343719940019
4.4	2.0691672	0.118865202442992	0.333946212244415
4.45	2.09360185	0.110665490980126	0.337140087627053
4.5	2.1180365	0.102392730495875	0.339925346087933
4.55	2.14247115	0.0940569054017066	0.342301987627053
4.6	2.1669058	0.085668000109088	0.344270012244415
4.65	2.19134045	0.0772359990294864	0.345829419940019
4.7	2.2157751	0.068770886574369	0.346980210713863
4.75	2.24020975	0.0602826471552031	0.34772238456595
4.8	2.2646444	0.051781265183456	0.348055941496277
4.85	2.28907905	0.0432767250705949	0.347980881504846
4.9	2.3135137	0.034779011228087	0.347497204591656
4.95	2.33794835	0.0262981080673996	0.346604910756707
5	2.362383	0.017844	0.345304
5.05	2.38647545	0.009628050782293	0.336581309870976
5.1	2.4105679	0.001633084645224	0.326959408176586
5.15	2.43466035	-0.006119234201529	0.316438294916831
5.2	2.4587528	-0.013607241548288	0.305017970091709
5.25	2.48284525	-0.020809273185375	0.292698433701222
5.3	2.5069377	-0.027703664903112	0.279479685745368
5.35	2.53103015	-0.034268752491821	0.265361726224149
5.4	2.5551226	-0.040482871741824	0.250344555137564
5.45	2.57921505	-0.046324358443443	0.234428172485613
5.5	2.6033075	-0.051771548387	0.217612578268296
5.55	2.62739995	-0.056802777362817	0.199897772485613
5.6	2.6514924	-0.061396381161216	0.181283755137564
5.65	2.67558485	-0.065530695572519	0.161770526224149
5.7	2.6996773	-0.069184056387048	0.141358085745368
5.75	2.72376975	-0.072334799395125	0.120046433701222
5.8	2.7478622	-0.074961260387072	0.0978355700917091
5.85	2.77195465	-0.077041775153211	0.0747254949168307
5.9	2.7960471	-0.078554679483864	0.0507162081765864
5.95	2.82013955	-0.079478309169353	0.0258077098709761
6	2.844232	-0.079791	0.000000