0	0.000000	0.000000	0.000000
0.05	0.0268099	0.0003871993968645	-0.0288612605673091
0.1	0.0536198	0.001546272451276	-0.0575812410749014
0.15	0.0804297	0.0034734314589615	-0.086159941522777
0.2	0.1072396	0.006164888715648	-0.114597361910936
0.25	0.1340495	0.0096168565170625	-0.142893502239378
0.3	0.1608594	0.013825547158932	-0.171048362508103
0.35	0.1876693	0.0187871729369835	-0.199061942717112
0.4	0.2144792	0.024497946146944	-0.226934242866404
0.45	0.2412891	0.0309540790845405	-0.254665262955979
0.5	0.268099	0.0381517840455	-0.282255002985837
0.55	0.2949089	0.0460872733255495	-0.309703462955979
0.6	0.3217188	0.054756759220416	-0.337010642866404
0.65	0.3485287	0.0641564540258265	-0.364176542717112
0.7	0.3753386	0.074282570037508	-0.391201162508103
0.75	0.4021485	0.0851313195511875	-0.418084502239378
0.8	0.4289584	0.096698914862592	-0.444826561910936
0.85	0.4557683	0.108981568267448	-0.471427341522777
0.9	0.4825782	0.121975492061484	-0.497886841074901
0.95	0.5093881	0.135676898540426	-0.524205060567309
1	0.536198	0.150082	-0.550382
1.05	0.56289535	0.16500140228433	-0.566973242854305
1.1	0.5895927	0.180338605058547	-0.581681023302893
1.15	0.61629005	0.196043324867595	-0.594505341345766
1.2	0.6429874	0.212065278256416	-0.605446196982922
1.25	0.66968475	0.228354181769953	-0.614503590214361
1.3	0.6963821	0.244859751953149	-0.621677521040085
1.35	0.72307945	0.261531705350946	-0.626967989460092
1.4	0.7497768	0.278319758508288	-0.630374995474382
1.45	0.77647415	0.295173627970117	-0.631898539082957
1.5	0.8031715	0.312043030281375	-0.631538620285815
1.55	0.82986885	0.328877681987006	-0.629295239082957
1.6	0.8565662	0.345627299631952	-0.625168395474382
1.65	0.88326355	0.362241599761156	-0.619158089460092
1.7	0.9099609	0.378670298919561	-0.611264321040085
1.75	0.93665825	0.394863113652109	-0.601487090214361
1.8	0.9633556	0.410769760503744	-0.589826396982921
1.85	0.99005295	0.426339956019408	-0.576282241345766
1.9	1.0167503	0.441523416744043	-0.560854623302893
1.95	1.04344765	0.456269859222593	-0.543543542854305
2	1.070145	0.470529	-0.524349
2.05	1.0967211	0.484179204290933	-0.502820435677103
2.1	1.1232972	0.497250510476462	-0.480783683388195
2.15	1.1498733	0.509729412902384	-0.458238743133276
2.2	1.1764494	0.521602405914496	-0.435185614912346
2.25	1.2030255	0.532855983858594	-0.411624298725405
2.3	1.2296016	0.543476641080474	-0.387554794572454
2.35	1.2561777	0.553450871925933	-0.362977102453492
2.4	1.2827538	0.562765170740768	-0.337891222368519
2.45	1.3093299	0.571406031870775	-0.312297154317535
2.5	1.335906	0.57935994966175	-0.286194898300541
2.55	1.3624821	0.58661341845949	-0.259584454317535
2.6	1.3890582	0.593152932609792	-0.232465822368519
2.65	1.4156343	0.598964986458452	-0.204839002453492
2.7	1.4422104	0.604036074351266	-0.176703994572454
2.75	1.4687865	0.608352690634031	-0.148060798725406
2.8	1.4953626	0.611901329652544	-0.118909414912346
2.85	1.5219387	0.614668485752601	-0.0892498431332758
2.9	1.5485148	0.616640653279998	-0.0590820833881946
2.95	1.5750909	0.617804326580532	-0.0284061356771028
3	1.601667	0.618146	0.002778
3.05	1.62820505	0.617671271820889	0.0328643665262613
3.1	1.6547431	0.616408842502274	0.0621419049971267
3.15	1.68128115	0.61438017676353	0.0906106154125962
3.2	1.7078192	0.611606739324032	0.11827049777267
3.25	1.73435725	0.608109994903156	0.145121552077347
3.3	1.7608953	0.603911408220278	0.171163778326629
3.35	1.78743335	0.599032443994773	0.196397176520515
3.4	1.8139714	0.593494566946016	0.220821746659005
3.45	1.84050945	0.587319241793383	0.244437488742099
3.5	1.8670475	0.58052793325625	0.267244402769796
3.55	1.89358555	0.573142106053992	0.289242488742099
3.6	1.9201236	0.565183224905984	0.310431746659005
3.65	1.94666165	0.556672754531602	0.330812176520515
3.7	1.9731997	0.547632159650222	0.350383778326629
3.75	1.99973775	0.538082904981219	0.369146552077347
3.8	2.0262758	0.528046455243968	0.38710049777267
3.85	2.05281385	0.517544275157845	0.404245615412596
3.9	2.0793519	0.506597829442226	0.420581904997127
3.95	2.10588995	0.495228582816486	0.436109366526261
4	2.132428	0.483458	0.450828
4.05	2.1587788	0.471436443194963	0.461405597073751
4.1	2.1851296	0.459151243865864	0.470838210245002
4.15	2.2114804	0.446632573254521	0.479125839513753
4.2	2.2378312	0.433910602602752	0.486268484880004
4.25	2.264182	0.421015503152375	0.492266146343754
4.3	2.2905328	0.407977446145208	0.497118823905005
4.35	2.3168836	0.394826602823069	0.500826517563755
4.4	2.3432344	0.381593144427776	0.503389227320005
4.45	2.3695852	0.368307242201147	0.504806953173755
4.5	2.395936	0.354999067385	0.505079695125005
4.55	2.4222868	0.341698791221153	0.504207453173755
4.6	2.4486376	0.328436584951424	0.502190227320005
4.65	2.4749884	0.315242619817631	0.499028017563755
4.7	2.5013392	0.302147067061592	0.494720823905004
4.75	2.52769	0.289180097925125	0.489268646343754
4.8	2.5540408	0.276371883650048	0.482671484880003
4.85	2.5803916	0.263752595478179	0.474929339513753
4.9	2.6067424	0.251352404651336	0.466042210245002
4.95	2.6330932	0.239201482411337	0.456010097073751
5	2.659444	0.227330	0.444833
5.05	2.6857117	0.215810136835825	0.432112399781319
5.1	2.7119794	0.204637577533558	0.418389583796183
5.15	2.7382471	0.193838647996288	0.403664552044593
5.2	2.7645148	0.183439674127104	0.387937304526548
5.25	2.7907825	0.173466981829094	0.371207841242048
5.3	2.8170502	0.163946897005346	0.353476162191094
5.35	2.8433179	0.154905745558949	0.334742267373685
5.4	2.8695856	0.146369853392992	0.315006156789822
5.45	2.8958533	0.138365546410563	0.294267830439504
5.5	2.922121	0.13091915051475	0.272527288322731
5.55	2.9483887	0.124056991608642	0.249784530439504
5.6	2.9746564	0.117805395595328	0.226039556789822
5.65	3.0009241	0.112190688377896	0.201292367373685
5.7	3.0271918	0.107239195859434	0.175542962191094
5.75	3.0534595	0.102977243943031	0.148791341242048
5.8	3.0797272	0.099431158531776	0.121037504526548
5.85	3.1059949	0.0966272655287568	0.092281452044593
5.9	3.1322626	0.094591890837062	0.0625231837961833
5.95	3.1585303	0.0933513603597803	0.031762699781319
6	3.184798	0.092932	0.000000