0	0.000000	0.000000	0.000000
0.05	0.0256961	0.0002324384921985	-0.0181084190972755
0.1	0.0513922	0.000931509023068001	-0.0363192888158904
0.15	0.0770883	0.0020998441740195	-0.0546326091558447
0.2	0.1027844	0.003740076526464	-0.0730483801171384
0.25	0.1284805	0.0058548386618125	-0.0915666016997716
0.3	0.1541766	0.008446763161476	-0.110187273903744
0.35	0.1798727	0.0115184826068655	-0.128910396729056
0.4	0.2055688	0.015072629579392	-0.147735970175708
0.45	0.2312649	0.0191118366604665	-0.166663994243699
0.5	0.256961	0.0236387364315	-0.185694468933029
0.55	0.2826571	0.0286559614739035	-0.204827394243699
0.6	0.3083532	0.034166144369088	-0.224062770175708
0.65	0.3340493	0.0401719176984645	-0.243400596729056
0.7	0.3597454	0.046675914043444	-0.262840873903744
0.75	0.3854415	0.0536807659854375	-0.282383601699772
0.8	0.4111376	0.061189106105856	-0.302028780117138
0.85	0.4368337	0.0692035669861105	-0.321776409155845
0.9	0.4625298	0.077726781207612	-0.34162648881589
0.95	0.4882259	0.0867613813517715	-0.361579019097275
1	0.513922	0.096310	-0.381634
1.05	0.5393993	0.106181504776069	-0.393095760315703
1.1	0.5648766	0.11633006316929	-0.403383056387647
1.15	0.5903539	0.126725753001786	-0.412495888215833
1.2	0.6158312	0.13733865209568	-0.420434255800261
1.25	0.6413085	0.148138838273094	-0.427198159140931
1.3	0.6667858	0.15909638935615	-0.432787598237843
1.35	0.6922631	0.170181383166971	-0.437202573090997
1.4	0.7177404	0.18136389752768	-0.440443083700392
1.45	0.7432177	0.192614010260399	-0.442509130066029
1.5	0.768695	0.20390179918725	-0.443400712187908
1.55	0.7941723	0.215197342130356	-0.443117830066029
1.6	0.8196496	0.22647071691184	-0.441660483700392
1.65	0.8451269	0.237692001353824	-0.439028673090997
1.7	0.8706042	0.24883127327843	-0.435222398237843
1.75	0.8960815	0.259858610507781	-0.430241659140931
1.8	0.9215588	0.270744090864	-0.424086455800261
1.85	0.9470361	0.281457792169209	-0.416756788215833
1.9	0.9725134	0.29196979224553	-0.408252656387647
1.95	0.9979907	0.302250168915086	-0.398574060315703
2	1.023468	0.312269	-0.387721
2.05	1.04891975	0.321942145061913	-0.372336402431635
2.1	1.0743715	0.331219227798205	-0.356598399344151
2.15	1.09982325	0.340091253419954	-0.340506990737547
2.2	1.125275	0.34854922713824	-0.324062176611824
2.25	1.15072675	0.356584154164141	-0.307263956966982
2.3	1.1761785	0.364187039708735	-0.290112331803019
2.35	1.20163025	0.371348888983102	-0.272607301119938
2.4	1.227082	0.37806070719832	-0.254748864917736
2.45	1.25253375	0.384313499565468	-0.236537023196416
2.5	1.2779855	0.390098271295625	-0.217971775955975
2.55	1.30343725	0.395406027599869	-0.199053123196416
2.6	1.328889	0.40022777368928	-0.179781064917736
2.65	1.35434075	0.404554514774936	-0.160155601119938
2.7	1.3797925	0.408377256067915	-0.140176731803019
2.75	1.40524425	0.411687002779297	-0.119844456966982
2.8	1.430696	0.41447476012016	-0.0991587766118243
2.85	1.45614775	0.416731533301583	-0.0781196907375475
2.9	1.4815995	0.418448327534645	-0.0567271993441511
2.95	1.50705125	0.419616148030424	-0.0349813024316354
3	1.532503	0.420226	-0.012882
3.05	1.55524755	0.420305765724976	0.00579569314136242
3.1	1.5779921	0.419965645956541	0.0240398554257393
3.15	1.60073665	0.419215501158947	0.0418504868531307
3.2	1.6234812	0.418065191796448	0.0592275874235366
3.25	1.64622575	0.416524578333297	0.0761711571369569
3.3	1.6689703	0.414603521233747	0.0926811959933918
3.35	1.69171485	0.412311880962052	0.108757703992841
3.4	1.7144594	0.409659517982464	0.124400681135305
3.45	1.73720395	0.406656292759237	0.139610127420783
3.5	1.7599485	0.403312065756625	0.154386042849276
3.55	1.78269305	0.39963669743888	0.168728427420783
3.6	1.8054376	0.395640048270256	0.182637281135305
3.65	1.82818215	0.391331978715006	0.196112603992841
3.7	1.8509267	0.386722349237383	0.209154395993392
3.75	1.87367125	0.381821020301641	0.221762657136957
3.8	1.8964158	0.376637852372032	0.233937387423537
3.85	1.91916035	0.37118270591281	0.245678586853131
3.9	1.9419049	0.365465441388229	0.256986255425739
3.95	1.96464945	0.359495919262541	0.267860393141362
4	1.987394	0.353284	0.278301
4.05	2.01031995	0.346829608638009	0.284650766480364
4.1	2.0332459	0.340237378866902	0.2903256628049
4.15	2.05617185	0.333522782726128	0.295325688973609
4.2	2.0790978	0.326701292255136	0.299650844986489
4.25	2.10202375	0.319788379493375	0.303301130843542
4.3	2.1249497	0.312799516480294	0.306276546544767
4.35	2.14787565	0.305750175255342	0.308577092090164
4.4	2.1708016	0.298655827857968	0.310202767479734
4.45	2.19372755	0.291531946327621	0.311153572713475
4.5	2.2166535	0.28439400270375	0.311429507791389
4.55	2.23957945	0.277257469025804	0.311030572713475
4.6	2.2625054	0.270137817333232	0.309956767479734
4.65	2.28543135	0.263050519665483	0.308208092090164
4.7	2.3083573	0.256011048062006	0.305784546544767
4.75	2.33128325	0.24903487456225	0.302686130843542
4.8	2.3542092	0.242137471205664	0.298912844986489
4.85	2.37713515	0.235334310031697	0.294464688973609
4.9	2.4000611	0.228640863079798	0.2893416628049
4.95	2.42298705	0.222072602389416	0.283543766480364
5	2.445913	0.215645	0.277071
5.05	2.4691751	0.209302461388537	0.268153328680482
5.1	2.4924372	0.203173409639258	0.258716091184072
5.15	2.5156993	0.197269930952526	0.248759287510769
5.2	2.5389614	0.191604111528704	0.238282917660572
5.25	2.5622235	0.186188037568156	0.227286981633483
5.3	2.5854856	0.181033795271246	0.215771479429501
5.35	2.6087477	0.176153470838337	0.203736411048626
5.4	2.6320098	0.171559150469792	0.191181776490859
5.45	2.6552719	0.167262920365975	0.178107575756198
5.5	2.678534	0.16327686672725	0.164513808844644
5.55	2.7017961	0.15961307575398	0.150400475756198
5.6	2.7250582	0.156283633646528	0.135767576490859
5.65	2.7483203	0.153300626605258	0.120615111048626
5.7	2.7715824	0.150676140830534	0.104943079429501
5.75	2.7948445	0.148422262522719	0.0887514816334832
5.8	2.8181066	0.146551077882176	0.0720403176605723
5.85	2.8413687	0.145074673109269	0.0548095875107686
5.9	2.8646308	0.144005134404362	0.0370592911840719
5.95	2.8878929	0.143354547967818	0.0187894286804824
6	2.911155	0.143135	0.000000