0	0.000000	0.000000	0.000000
0.05	0.02741275	0.00043354987206125	-0.0316201647740103
0.1	0.0548255	0.00173298319939	-0.0631737753612826
0.15	0.08223825	0.00389647554870375	-0.0946608317618171
0.2	0.109651	0.00692220248672	-0.126081333975614
0.25	0.13706375	0.0108083395801563	-0.157435282002672
0.3	0.1644765	0.01555306239573	-0.188722675842993
0.35	0.19188925	0.0211545465001588	-0.219943515496576
0.4	0.219302	0.02761096746016	-0.25109780096342
0.45	0.24671475	0.0349205008424513	-0.282185532243527
0.5	0.2741275	0.04308132221375	-0.313206709336896
0.55	0.30154025	0.0520916071407738	-0.344161332243527
0.6	0.328953	0.06194953119024	-0.37504940096342
0.65	0.35636575	0.0726532699288663	-0.405870915496576
0.7	0.3837785	0.08420099892337	-0.436625875842993
0.75	0.41119125	0.0965908937404688	-0.467314282002672
0.8	0.438604	0.10982112994688	-0.497936133975614
0.85	0.46601675	0.123889883109321	-0.528491431761817
0.9	0.4934295	0.13879532879451	-0.558980175361283
0.95	0.52084225	0.154535642569164	-0.58940236477401
1	0.548255	0.171109	-0.619758
1.05	0.57532035	0.188103877364813	-0.635778898506961
1.1	0.6023857	0.205507738554171	-0.649979949802663
1.15	0.62945105	0.223271328766356	-0.662361153887106
1.2	0.6565164	0.241345393199648	-0.67292251076029
1.25	0.68358175	0.259680677052328	-0.681664020422214
1.3	0.7106471	0.278227925522677	-0.68858568287288
1.35	0.73771245	0.296937883808975	-0.693687498112287
1.4	0.7647778	0.315761297109504	-0.696969466140434
1.45	0.79184315	0.334648910622544	-0.698431586957323
1.5	0.8189085	0.353551469546375	-0.698073860562953
1.55	0.84597385	0.372419719079279	-0.695896286957323
1.6	0.8730392	0.391204404419536	-0.691898866140434
1.65	0.90010455	0.409856270765427	-0.686081598112287
1.7	0.9271699	0.428326063315233	-0.67844448287288
1.75	0.95423525	0.446564527267234	-0.668987520422214
1.8	0.9813006	0.464522407819712	-0.65771071076029
1.85	1.00836595	0.482150450170947	-0.644614053887106
1.9	1.0354313	0.499399399519219	-0.629697549802663
1.95	1.06249665	0.51622000106281	-0.612961198506961
2	1.089562	0.532563	-0.594405
2.05	1.11639935	0.548198855369804	-0.570712366298442
2.1	1.1432367	0.563189718669002	-0.546338251933891
2.15	1.17007405	0.577517300762523	-0.521282656906345
2.2	1.1969114	0.591163312515296	-0.495545581215806
2.25	1.22374875	0.60410946479225	-0.469127024862272
2.3	1.2505861	0.616337468458314	-0.442026987845745
2.35	1.27742345	0.627829034378417	-0.414245470166224
2.4	1.3042608	0.638565873417488	-0.385782471823708
2.45	1.33109815	0.648529696440456	-0.356637992818199
2.5	1.3579355	0.65770221431225	-0.326812033149696
2.55	1.38477285	0.666065137897799	-0.296304592818199
2.6	1.4116102	0.673600178062032	-0.265115671823708
2.65	1.43844755	0.680289045669878	-0.233245270166224
2.7	1.4652849	0.686113451586266	-0.200693387845745
2.75	1.49212225	0.691055106676125	-0.167460024862272
2.8	1.5189596	0.695095721804384	-0.133545181215805
2.85	1.54579695	0.698217007835972	-0.0989488569063451
2.9	1.5726343	0.700400675635818	-0.0636710519338906
2.95	1.59947165	0.701628436068851	-0.0277117662984423
3	1.626309	0.701882	0.008929
3.05	1.6559013	0.701032504922757	0.0483349469021502
3.1	1.6854936	0.69903015201872	0.0868450678146005
3.15	1.7150859	0.695901450839323	0.124459362737351
3.2	1.7446782	0.691672910936	0.161177831670401
3.25	1.7742705	0.686371041860187	0.197000474613751
3.3	1.8038628	0.68002235316332	0.231927291567401
3.35	1.8334551	0.672653354396832	0.265958282531351
3.4	1.8630474	0.66429055511216	0.299093447505601
3.45	1.8926397	0.654960464860737	0.331332786490151
3.5	1.922232	0.644689593194	0.362676299485001
3.55	1.9518243	0.633504449663382	0.393123986490151
3.6	1.9814166	0.62143154382032	0.422675847505601
3.65	2.0110089	0.608497385216248	0.451331882531351
3.7	2.0406012	0.5947284834026	0.479092091567401
3.75	2.0701935	0.580151347930812	0.505956474613751
3.8	2.0997858	0.56479248835232	0.531925031670401
3.85	2.1293781	0.548678414218557	0.556997762737351
3.9	2.1589704	0.53183563508096	0.581174667814601
3.95	2.1885627	0.514290660490963	0.60445574690215
4	2.218155	0.496070	0.626841
4.05	2.2477005	0.477300263272555	0.643440836743666
4.1	2.277246	0.45806516041074	0.658342659093263
4.15	2.3067915	0.438414860098835	0.671546467048789
4.2	2.336337	0.41839953102112	0.683052260610245
4.25	2.3658825	0.398069341861875	0.692860039777631
4.3	2.395428	0.37747446130538	0.700969804550947
4.35	2.4249735	0.356665058035915	0.707381554930192
4.4	2.454519	0.33569130073776	0.712095290915368
4.45	2.4840645	0.314603358095195	0.715111012506473
4.5	2.51361	0.2934513987925	0.716428719703508
4.55	2.5431555	0.272285591513955	0.716048412506473
4.6	2.572701	0.25115610494384	0.713970090915368
4.65	2.6022465	0.230113107766435	0.710193754930192
4.7	2.631792	0.20920676866602	0.704719404550947
4.75	2.6613375	0.188487256326875	0.697547039777631
4.8	2.690883	0.16800473943328	0.688676660610245
4.85	2.7204285	0.147809386669515	0.678108267048789
4.9	2.749974	0.12795136671986	0.665841859093263
4.95	2.7795195	0.108480848268595	0.651877436743666
5	2.809065	0.089448	0.636215
5.05	2.8385305	0.0711232717430437	0.607539085171429
5.1	2.867996	0.05364835520635	0.578533187693234
5.15	2.8974615	0.0370329734936812	0.549197307565416
5.2	2.926927	0.0212868497088	0.519531444787972
5.25	2.9563925	0.00641970695546873	0.489535599360905
5.3	2.985858	-0.00755873166255003	0.459209771284214
5.35	3.0153235	-0.0206387430414938	0.428553960557898
5.4	3.044789	-0.0328106040776	0.397568167181958
5.45	3.0742545	-0.0440645916671063	0.366252391156395
5.5	3.10372	-0.05439098270625	0.334606632481207
5.55	3.1331855	-0.0637800540912688	0.302630891156395
5.6	3.162651	-0.0722220827184001	0.270325167181959
5.65	3.1921165	-0.0797073454838813	0.237689460557898
5.7	3.221582	-0.08622611928395	0.204723771284214
5.75	3.2510475	-0.0917686810148438	0.171428099360905
5.8	3.280513	-0.0963253075728	0.137802444787972
5.85	3.3099785	-0.0998862758540563	0.103846807565416
5.9	3.339444	-0.10244186275485	0.0695611876932346
5.95	3.3689095	-0.103982345171419	0.0349455851714295
6	3.398375	-0.104498	0.000000