0	0.000000	0.000000	0.000000
0.05	0.0224152	0.000181299523644	-0.0161336946987758
0.1	0.0448304	0.000721361879072	-0.0320106741661016
0.15	0.0672456	0.001614432743028	-0.0476309384019772
0.2	0.0896608	0.002854757792256	-0.0629944874064028
0.25	0.112076	0.0044365827035	-0.0781013211793783
0.3	0.1344912	0.006354153153504	-0.0929514397209037
0.35	0.1569064	0.008601714819012	-0.107544843030979
0.4	0.1793216	0.011173513376768	-0.121881531109604
0.45	0.2017368	0.014063794503516	-0.135961503956779
0.5	0.224152	0.017266803876	-0.149784761572504
0.55	0.2465672	0.020776787170964	-0.163351303956779
0.6	0.2689824	0.024587990065152	-0.176661131109604
0.65	0.2913976	0.028694658235308	-0.189714243030979
0.7	0.3138128	0.033091037358176	-0.202510639720904
0.75	0.336228	0.0377713731105	-0.215050321179378
0.8	0.3586432	0.042729911169024	-0.227333287406403
0.85	0.3810584	0.047960897210492	-0.239359538401977
0.9	0.4034736	0.053458576911648	-0.251129074166102
0.95	0.4258888	0.059217195949236	-0.262641894698776
1	0.448304	0.065231	-0.273898
1.05	0.470392	0.0713289559895	-0.278165564365266
1.1	0.49248	0.0775153780328	-0.281908327218399
1.15	0.514568	0.0837786743141	-0.285126288559399
1.2	0.536656	0.0901072530176	-0.287819448388265
1.25	0.558744	0.0964895223275	-0.289987806704998
1.3	0.580832	0.102913890428	-0.291631363509598
1.35	0.60292	0.1093687655033	-0.292750118802065
1.4	0.625008	0.1158425557376	-0.293344072582398
1.45	0.647096	0.1223236693151	-0.293413224850598
1.5	0.669184	0.12880051442	-0.292957575606664
1.55	0.691272	0.1352614992365	-0.291977124850598
1.6	0.71336	0.1416950319488	-0.290471872582398
1.65	0.735448	0.1480895207411	-0.288441818802065
1.7	0.757536	0.1544333737976	-0.285886963509598
1.75	0.779624	0.1607149993025	-0.282807306704998
1.8	0.801712	0.16692280544	-0.279202848388265
1.85	0.8238	0.1730452003943	-0.275073588559399
1.9	0.845888	0.1790705923496	-0.270419527218399
1.95	0.867976	0.1849873894901	-0.265240664365266
2	0.890064	0.190784	-0.259537
2.05	0.91200775	0.19636624616975	-0.249192754779265
2.1	0.9339515	0.20171833945925	-0.238560377476502
2.15	0.95589525	0.206833957170125	-0.227639868091712
2.2	0.977839	0.211706776604	-0.216431226624893
2.25	0.99978275	0.2163304750625	-0.204934453076047
2.3	1.0217265	0.22069872984725	-0.193149547445172
2.35	1.04367025	0.224805218259875	-0.18107650973227
2.4	1.065614	0.228643617602	-0.16871533993734
2.45	1.08755775	0.23220760517525	-0.156066038060382
2.5	1.1095015	0.23549085828125	-0.143128604101395
2.55	1.13144525	0.238487054221625	-0.129903038060382
2.6	1.153389	0.241189870298	-0.11638933993734
2.65	1.17533275	0.243592983812	-0.10258750973227
2.7	1.1972765	0.24569007206525	-0.0884975474451722
2.75	1.21922025	0.247474812359375	-0.0741194530760466
2.8	1.241164	0.248940881996	-0.0594532266248931
2.85	1.26310775	0.25008195827675	-0.0444988680917117
2.9	1.2850515	0.25089171850325	-0.0292563774765024
2.95	1.30699525	0.251363839977125	-0.0137257547792652
3	1.328939	0.251492	0.002093
3.05	1.3519327	0.251259947719243	0.0180419406494061
3.1	1.3749264	0.250664553611986	0.033696598072559
3.15	1.3979201	0.249712584338448	0.0490569722694586
3.2	1.4209138	0.248410806558848	0.0641230632401049
3.25	1.4439075	0.246765986933406	0.0788948709844979
3.3	1.4669012	0.244784892122342	0.0933723955026377
3.35	1.4898949	0.242474288785875	0.107555636794524
3.4	1.5128886	0.239840943584224	0.121444594860157
3.45	1.5358823	0.236891623177609	0.135039269699537
3.5	1.558876	0.23363309422625	0.148339661312664
3.55	1.5818697	0.230072123390366	0.161345769699537
3.6	1.6048634	0.226215477330176	0.174057594860157
3.65	1.6278571	0.2220699227059	0.186475136794524
3.7	1.6508508	0.217642226177758	0.198598395502638
3.75	1.6738445	0.212939154405969	0.210427370984498
3.8	1.6968382	0.207967474050752	0.221962063240105
3.85	1.7198319	0.202733951772327	0.233202472269459
3.9	1.7428256	0.197245354230914	0.244148598072559
3.95	1.7658193	0.191508448086732	0.254800440649406
4	1.788813	0.185530	0.265158
4.05	1.8117813	0.17937015395331	0.271114569251283
4.1	1.8347496	0.173080764160222	0.276438220686642
4.15	1.8577179	0.166676367667007	0.281128954306076
4.2	1.8806862	0.160171501519936	0.285186770109586
4.25	1.9036545	0.153580702765281	0.288611668097171
4.3	1.9266228	0.146918508449314	0.291403648268831
4.35	1.9495911	0.140199455618306	0.293562710624567
4.4	1.9725594	0.133438081318528	0.295088855164379
4.45	1.9955277	0.126648922596252	0.295982081888266
4.5	2.018496	0.11984651649775	0.296242390796228
4.55	2.0414643	0.113045400069293	0.295869781888266
4.6	2.0644326	0.106260110357152	0.294864255164379
4.65	2.0874009	0.0995051844075992	0.293225810624567
4.7	2.1103692	0.092795159266906	0.290954448268832
4.75	2.1333375	0.0861445719813437	0.288050168097171
4.8	2.1563058	0.079567959597184	0.284512970109586
4.85	2.1792741	0.0730798591606982	0.280342854306076
4.9	2.2022424	0.066694807718158	0.275539820686642
4.95	2.2252107	0.0604273423158347	0.270103869251283
5	2.248179	0.054292	0.264035
5.05	2.2709404	0.0483942028602775	0.254135050834637
5.1	2.2937018	0.04272569787662	0.24388754368668
5.15	2.3164632	0.0372943959552925	0.23329247855613
5.2	2.3392246	0.03210820800256	0.222349855442987
5.25	2.361986	0.0271750449246875	0.21105967434725
5.3	2.3847474	0.02250281762794	0.19942193526892
5.35	2.4075088	0.0180994370185825	0.187436638207997
5.4	2.4302702	0.01397281400288	0.17510378316448
5.45	2.4530316	0.0101308594870975	0.16242337013837
5.5	2.475793	0.0065814843775	0.149395399129667
5.55	2.4985544	0.0033325995803525	0.13601987013837
5.6	2.5213158	0.000392116001919997	0.12229678316448
5.65	2.5440772	-0.00223205545153251	0.108226138207997
5.7	2.5668386	-0.00453200387374001	0.0938079352689203
5.75	2.5896	-0.00649981835843751	0.0790421743472502
5.8	2.6123614	-0.00812758799936001	0.0639288554429869
5.85	2.6351228	-0.00940740189024251	0.0484679785561302
5.9	2.6578842	-0.01033134912482	0.0326595436866801
5.95	2.6806456	-0.0108915187968275	0.0165035508346368
6	2.703407	-0.011080	0.000000