0	0.000000	0.000000	0.000000
0.05	0.0245372	0.000394127001965	-0.0320398191804688
0.1	0.0490744	0.00156816179692	-0.0635694205524673
0.15	0.0736116	0.003509585068455	-0.0945888041159953
0.2	0.0981488	0.00620587750016	-0.125097969871053
0.25	0.122686	0.009644519775625	-0.15509691781764
0.3	0.1472232	0.01381299257844	-0.184585647955757
0.35	0.1717604	0.018698776592195	-0.213564160285403
0.4	0.1962976	0.02428935250048	-0.242032454806579
0.45	0.2208348	0.030572200986885	-0.269990531519285
0.5	0.245372	0.037534802735	-0.29743839042352
0.55	0.2699092	0.045164638428415	-0.324376031519285
0.6	0.2944464	0.05344918875072	-0.350803454806579
0.65	0.3189836	0.062375934385505	-0.376720660285403
0.7	0.3435208	0.07193235601636	-0.402127647955757
0.75	0.368058	0.082105934326875	-0.42702441781764
0.8	0.3925952	0.09288415000064	-0.451410969871053
0.85	0.4171324	0.104254483721245	-0.475287304115995
0.9	0.4416696	0.11620441617228	-0.498653420552467
0.95	0.4662068	0.128721428037335	-0.521509319180469
1	0.490744	0.141793	-0.543855
1.05	0.5153768	0.15534282515438	-0.556039580191452
1.1	0.5400096	0.16917428935424	-0.566721994046962
1.15	0.5646424	0.18325039003666	-0.575902241566529
1.2	0.5892752	0.19753412463872	-0.583580322750154
1.25	0.613908	0.2119884905975	-0.589756237597837
1.3	0.6385408	0.22657648535008	-0.594429986109578
1.35	0.6631736	0.24126110633354	-0.597601568285376
1.4	0.6878064	0.25600535098496	-0.599270984125231
1.45	0.7124392	0.27077221674142	-0.599438233629145
1.5	0.737072	0.28552470104	-0.598103316797116
1.55	0.7617048	0.30022580131778	-0.595266233629145
1.6	0.7863376	0.31483851501184	-0.590926984125232
1.65	0.8109704	0.32932583955926	-0.585085568285376
1.7	0.8356032	0.34365077239712	-0.577741986109578
1.75	0.860236	0.3577763109625	-0.568896237597837
1.8	0.8848688	0.37166545269248	-0.558548322750155
1.85	0.9095016	0.38528119502414	-0.54669824156653
1.9	0.9341344	0.39858653539456	-0.533345994046962
1.95	0.9587672	0.41154447124082	-0.518491580191452
2	0.983400	0.424118	-0.502135
2.05	1.00786105	0.43613027081649	-0.479961213507203
2.1	1.0323221	0.447595836384181	-0.457434936118912
2.15	1.05678315	0.458506074405653	-0.434556167835125
2.2	1.0812442	0.468852362583488	-0.411324908655843
2.25	1.10570525	0.478626078620266	-0.387741158581066
2.3	1.1301663	0.487818600218567	-0.363804917610794
2.35	1.15462735	0.496421305080973	-0.339516185745027
2.4	1.1790884	0.504425570910064	-0.314874962983764
2.45	1.20354945	0.511822775408421	-0.289881249327007
2.5	1.2280105	0.518604296278625	-0.264535044774754
2.55	1.25247155	0.524761511223256	-0.238836349327007
2.6	1.2769326	0.530285797944896	-0.212785162983764
2.65	1.30139365	0.535168534146125	-0.186381485745026
2.7	1.3258547	0.539401097529523	-0.159625317610794
2.75	1.35031575	0.542974865797672	-0.132516658581066
2.8	1.3747768	0.545881216653152	-0.105055508655843
2.85	1.39923785	0.548111527798544	-0.0772418678351247
2.9	1.4236989	0.549657176936429	-0.0490757361189115
2.95	1.44815995	0.550509541769387	-0.0205571135072034
3	1.472621	0.550660	0.008314
3.05	1.4974914	0.550080647280464	0.038169077755404
3.1	1.5223618	0.548766744941312	0.0673841894312918
3.15	1.5472322	0.546734209194928	0.0959593350276634
3.2	1.5721026	0.543998956253696	0.123894514544519
3.25	1.596973	0.54057690233	0.151189727981858
3.3	1.6218434	0.536483963636224	0.177844975339681
3.35	1.6467138	0.531736056384752	0.203860256617988
3.4	1.6715842	0.526349096787968	0.229235571816778
3.45	1.6964546	0.520339001058256	0.253970920936053
3.5	1.721325	0.513721685408	0.278066303975811
3.55	1.7461954	0.506513066049584	0.301521720936053
3.6	1.7710658	0.498729059195392	0.324337171816778
3.65	1.7959362	0.490385581057808	0.346512656617988
3.7	1.8208066	0.481498547849216	0.368048175339681
3.75	1.845677	0.472083875782	0.388943727981858
3.8	1.8705474	0.462157481068544	0.409199314544519
3.85	1.8954178	0.451735279921232	0.428814935027663
3.9	1.9202882	0.440833188552448	0.447790589431292
3.95	1.9451586	0.429467123174576	0.466126277755404
4	1.970029	0.417653	0.483822
4.05	1.9949475	0.405444862565051	0.495811236297179
4.1	2.019866	0.39295382355911	0.50652814772097
4.15	2.0447845	0.380211587409534	0.515972734271375
4.2	2.069703	0.36724985854368	0.524144995948392
4.25	2.0946215	0.354100341388906	0.531044932752022
4.3	2.11954	0.34079474037257	0.536672544682264
4.35	2.1444585	0.327364759922029	0.54102783173912
4.4	2.169377	0.31384210446464	0.544110793922588
4.45	2.1942955	0.300258478427761	0.545921431232669
4.5	2.219214	0.28664558623875	0.546459743669363
4.55	2.2441325	0.273035132324964	0.545725731232669
4.6	2.269051	0.25945882111376	0.543719393922588
4.65	2.2939695	0.245948357032496	0.54044073173912
4.7	2.318888	0.23253544450853	0.535889744682265
4.75	2.3438065	0.219251787969219	0.530066432752022
4.8	2.368725	0.20612909184192	0.522970795948392
4.85	2.3936435	0.193199060553991	0.514602834271375
4.9	2.418562	0.18049339853279	0.504962547720971
4.95	2.4434805	0.168043810205674	0.494049936297179
5	2.468399	0.155882	0.481865
5.05	2.4931698	0.144154879908345	0.46486095907944
5.1	2.5179406	0.13285820590196	0.447110685624203
5.15	2.5427114	0.122010462757715	0.428614179634287
5.2	2.5674822	0.11163013525248	0.409371441109694
5.25	2.592253	0.101735708163125	0.389382470050422
5.3	2.6170238	0.09234566626652	0.368647266456473
5.35	2.6417946	0.083478494339535	0.347165830327846
5.4	2.6665654	0.07515267715904	0.32493816166454
5.45	2.6913362	0.067386699501905	0.301964260466557
5.5	2.716107	0.060199046145	0.278244126733896
5.55	2.7408778	0.053608201865195	0.253777760466557
5.6	2.7656486	0.04763265143936	0.22856516166454
5.65	2.7904194	0.042290879644365	0.202606330327846
5.7	2.8151902	0.03760137125708	0.175901266456473
5.75	2.839961	0.033582611054375	0.148449970050422
5.8	2.8647318	0.03025308381312	0.120252441109694
5.85	2.8895026	0.027631274310185	0.0913086796342871
5.9	2.9142734	0.02573566732244	0.0616186856242026
5.95	2.9390442	0.024584747626755	0.0311824590794403
6	2.963815	0.024197	0.000000