0	0.000000	0.000000	0.000000
0.05	0.0271542	0.0004501944554125	-0.0330690625939081
0.1	0.0543084	0.0017910779363	-0.0656023028095101
0.15	0.0814626	0.0040081006146375	-0.097599720646806
0.2	0.1086168	0.0070867126624	-0.129061316105796
0.25	0.135771	0.0110123642515625	-0.159987089186479
0.3	0.1629252	0.0157705055541	-0.190377039888857
0.35	0.1900794	0.0213465867419875	-0.220231168212928
0.4	0.2172336	0.0277260579872	-0.249549474158694
0.45	0.2443878	0.0348943694617125	-0.278331957726153
0.5	0.271542	0.0428369713375	-0.306578618915306
0.55	0.2986962	0.0515393137865375	-0.334289457726153
0.6	0.3258504	0.0609868469808	-0.361464474158694
0.65	0.3530046	0.0711650210922625	-0.388103668212928
0.7	0.3801588	0.0820592862929	-0.414207039888857
0.75	0.407313	0.0936550927546875	-0.439774589186479
0.8	0.4344672	0.1059378906496	-0.464806316105796
0.85	0.4616214	0.118893130149612	-0.489302220646806
0.9	0.4887756	0.1325062614267	-0.51326230280951
0.95	0.5159298	0.146762734652837	-0.536686562593908
1	0.543084	0.161648	-0.559575
1.05	0.5701438	0.176974319482305	-0.572962884029631
1.1	0.5972036	0.19264374143784	-0.584933832898248
1.15	0.6242634	0.208617923884535	-0.595487846605851
1.2	0.6513232	0.22485852484032	-0.60462492515244
1.25	0.678383	0.241327202323125	-0.612345068538016
1.3	0.7054428	0.25798561435088	-0.618648276762578
1.35	0.7325026	0.274795418941515	-0.623534549826126
1.4	0.7595624	0.29171827411296	-0.62700388772866
1.45	0.7866222	0.308715837883145	-0.629056290470181
1.5	0.813682	0.32574976827	-0.629691758050688
1.55	0.8407418	0.342781723291455	-0.628910290470181
1.6	0.8678016	0.35977336096544	-0.62671188772866
1.65	0.8948614	0.376686339309885	-0.623096549826126
1.7	0.9219212	0.39348231634272	-0.618064276762578
1.75	0.948981	0.410122950081875	-0.611615068538016
1.8	0.9760408	0.42656989854528	-0.60374892515244
1.85	1.0031006	0.442784819750865	-0.594465846605851
1.9	1.0301604	0.45872937171656	-0.583765832898248
1.95	1.0572202	0.474365212460295	-0.571648884029631
2	1.084280	0.489654	-0.558115
2.05	1.11127795	0.50445054424236	-0.537876966228959
2.1	1.1382759	0.518690046520663	-0.516849499170659
2.15	1.16527385	0.53235119375449	-0.495032598825101
2.2	1.1922718	0.545412672863424	-0.472426265192283
2.25	1.21926975	0.557853170767047	-0.449030498272207
2.3	1.2462677	0.569651374384941	-0.424845298064872
2.35	1.27326565	0.580785970636689	-0.399870664570278
2.4	1.3002636	0.591235646441872	-0.374106597788425
2.45	1.32726155	0.600979088720073	-0.347553097719313
2.5	1.3542595	0.609994984390875	-0.320210164362942
2.55	1.38125745	0.618262020373859	-0.292077797719313
2.6	1.4082554	0.625758883588608	-0.263155997788425
2.65	1.43525335	0.632464260954704	-0.233444764570277
2.7	1.4622513	0.638356839391729	-0.202944098064872
2.75	1.48924925	0.643415305819266	-0.171653998272207
2.8	1.5162472	0.647618347156896	-0.139574465192283
2.85	1.54324515	0.650944650324202	-0.106705498825101
2.9	1.5702431	0.653372902240767	-0.0730470991706592
2.95	1.59724105	0.654881789826172	-0.038599266228959
3	1.624239	0.655450	-0.003362
3.05	1.6507558	0.655092417736804	0.030228382287003
3.1	1.6772726	0.653852388146272	0.0631956032806372
3.15	1.7037894	0.651746435471788	0.0955396629809027
3.2	1.7303062	0.648791083956736	0.127260561387799
3.25	1.756823	0.6450028578445	0.158358298501328
3.3	1.7833398	0.640398281378464	0.188832874321487
3.35	1.8098566	0.634993878802012	0.218684288848277
3.4	1.8363734	0.628806174358528	0.247912542081699
3.45	1.8628902	0.621851692291396	0.276517634021752
3.5	1.889407	0.614146956844	0.304499564668437
3.55	1.9159238	0.605708492259724	0.331858334021752
3.6	1.9424406	0.596552822781952	0.358593942081699
3.65	1.9689574	0.586696472654068	0.384706388848277
3.7	1.9954742	0.576155966119456	0.410195674321487
3.75	2.021991	0.5649478274215	0.435061798501328
3.8	2.0485078	0.553088580803584	0.459304761387799
3.85	2.0750246	0.540594750509092	0.482924562980903
3.9	2.1015414	0.527482860781408	0.505921203280637
3.95	2.1280582	0.513769435863916	0.528294682287003
4	2.154575	0.499471	0.550045
4.05	2.1811161	0.484696877639112	0.563041385454757
4.1	2.2076572	0.469594939882578	0.574747472440592
4.15	2.2341983	0.454199432671091	0.585163260957505
4.2	2.2607394	0.438544601945344	0.594288751005497
4.25	2.2872805	0.422664693646031	0.602123942584567
4.3	2.3138216	0.406593953713846	0.608668835694715
4.35	2.3403627	0.390366628089482	0.613923430335941
4.4	2.3669038	0.374016962713632	0.617887726508246
4.45	2.3934449	0.35757920352699	0.620561724211628
4.5	2.419986	0.34108759647025	0.621945423446089
4.55	2.4465271	0.324576387484105	0.622038824211628
4.6	2.4730682	0.308079822509248	0.620841926508245
4.65	2.4996093	0.291632147486373	0.618354730335941
4.7	2.5261504	0.275267608356174	0.614577235694715
4.75	2.5526915	0.259020451059344	0.609509442584567
4.8	2.5792326	0.242924921536576	0.603151351005497
4.85	2.6057737	0.227015265728564	0.595502960957505
4.9	2.6323148	0.211325729576002	0.586564272440592
4.95	2.6588559	0.195890559019583	0.576335285454757
5	2.685397	0.180744	0.564816
5.05	2.7121529	0.165943738226004	0.541416679484824
5.1	2.7389088	0.151776364128672	0.517507729550193
5.15	2.7656647	0.138255513301788	0.493089150196106
5.2	2.7924206	0.125394821339136	0.468160941422565
5.25	2.8191765	0.1132079238345	0.442723103229568
5.3	2.8459324	0.101708456381664	0.416775635617116
5.35	2.8726883	0.090910054574412	0.390318538585209
5.4	2.8994442	0.080826354006528	0.363351812133847
5.45	2.9262001	0.071470990271796	0.33587545626303
5.5	2.952956	0.062857598964	0.307889470972758
5.55	2.9797119	0.054999815676924	0.27939385626303
5.6	3.0064678	0.047911276004352	0.250388612133847
5.65	3.0332237	0.041605615540068	0.220873738585209
5.7	3.0599796	0.036096469877856	0.190849235617116
5.75	3.0867355	0.0313974746115	0.160315103229568
5.8	3.1134914	0.027522265334784	0.129271341422565
5.85	3.1402473	0.024484477641492	0.0977179501961063
5.9	3.1670032	0.022297747125408	0.0656549295501927
5.95	3.1937591	0.020975709380316	0.0330822794848239
6	3.220515	0.020532	0.000000