0	0.000000	0.000000	0.000000
0.05	0.02543215	0.000414698876922125	-0.0325399997663932
0.1	0.0508643	0.001651453112547	-0.0646469416626397
0.15	0.07629645	0.00369924911416238	-0.0963208256887395
0.2	0.1017286	0.006547073289056	-0.127561651844693
0.25	0.12716075	0.0101839120445156	-0.158369420130499
0.3	0.1525929	0.014598751787829	-0.188744130546159
0.35	0.17802505	0.0197805789262839	-0.218685783091672
0.4	0.2034572	0.025718379867168	-0.248194377767039
0.45	0.22888935	0.0324011410177691	-0.277269914572259
0.5	0.2543215	0.039817848785375	-0.305912393507332
0.55	0.27975365	0.0479574895772734	-0.334121814572259
0.6	0.3051858	0.056809049800752	-0.361898177767039
0.65	0.33061795	0.0663615158630987	-0.389241483091673
0.7	0.3560501	0.076603874171601	-0.416151730546159
0.75	0.38148225	0.0875251111335469	-0.442628920130499
0.8	0.4069144	0.0991142131562241	-0.468673051844693
0.85	0.43234655	0.11136016664692	-0.49428412568874
0.9	0.4577787	0.124251958012923	-0.51946214166264
0.95	0.48321085	0.13777857366152	-0.544207099766393
1	0.508643	0.151929	-0.568519
1.05	0.53441265	0.16673894644231	-0.580658959407801
1.1	0.5601823	0.181843798140672	-0.591406796772676
1.15	0.58595195	0.197207680597282	-0.600762512094625
1.2	0.6117216	0.212794719314336	-0.608726105373647
1.25	0.63749125	0.228569039794031	-0.615297576609742
1.3	0.6632609	0.244494767538564	-0.620476925802912
1.35	0.68903055	0.260536028050131	-0.624264152953154
1.4	0.7148002	0.276656946830928	-0.62665925806047
1.45	0.74056985	0.292821649383152	-0.62766224112486
1.5	0.7663395	0.308994261209	-0.627273102146323
1.55	0.79210915	0.325138907810668	-0.62549184112486
1.6	0.8178788	0.341219714690352	-0.62231845806047
1.65	0.84364845	0.357200807350249	-0.617752952953154
1.7	0.8694181	0.373046311292556	-0.611795325802912
1.75	0.89518775	0.388720352019469	-0.604445576609743
1.8	0.9209574	0.404187055033184	-0.595703705373647
1.85	0.94672705	0.419410545835898	-0.585569712094625
1.9	0.9724967	0.434354949929808	-0.574043596772676
1.95	0.99826635	0.44898439281711	-0.561125359407802
2	1.024036	0.463263	-0.546815
2.05	1.0494021	0.476851924002583	-0.52452126514064
2.1	1.0747682	0.489868667387404	-0.501701197108582
2.15	1.1001343	0.502299879134571	-0.478354795903824
2.2	1.1255004	0.514132208224192	-0.454482061526368
2.25	1.1508665	0.525352303636375	-0.430082993976212
2.3	1.1762326	0.535946814351228	-0.405157593253358
2.35	1.2015987	0.545902389348859	-0.379705859357804
2.4	1.2269648	0.555205677609376	-0.353727792289552
2.45	1.2523309	0.563843328112887	-0.3272233920486
2.5	1.277697	0.5718019898395	-0.30019265863495
2.55	1.3030631	0.579068311769323	-0.2726355920486
2.6	1.3284292	0.585628942882464	-0.244552192289552
2.65	1.3537953	0.591470532159031	-0.215942459357804
2.7	1.3791614	0.596579728579132	-0.186806393253358
2.75	1.4045275	0.600943181122875	-0.157143993976212
2.8	1.4298936	0.604547538770368	-0.126955261526368
2.85	1.4552597	0.607379450501719	-0.0962401959038243
2.9	1.4806258	0.609425565297036	-0.0649987971085819
2.95	1.5059919	0.610672532136427	-0.0332310651406404
3	1.531358	0.611107	-0.000937
3.05	1.55650265	0.610707984986515	0.0325526413491389
3.1	1.5816473	0.609476082034841	0.0653107257141579
3.15	1.60679195	0.607429685889298	0.097337253095057
3.2	1.6319366	0.604587191294208	0.128632223491836
3.25	1.65708125	0.600966992993891	0.159195636904496
3.3	1.6822259	0.596587485732667	0.189027493333035
3.35	1.70737055	0.591467064254858	0.218127792777455
3.4	1.7325152	0.585624123304784	0.246496535237754
3.45	1.75765985	0.579077057626766	0.274133720713934
3.5	1.7828045	0.571844261965125	0.301039349205994
3.55	1.80794915	0.563944131064181	0.327213420713934
3.6	1.8330938	0.555395059668256	0.352655935237754
3.65	1.85823845	0.54621544252167	0.377366892777455
3.7	1.8833831	0.536423674368743	0.401346293333035
3.75	1.90852775	0.526038149953797	0.424594136904496
3.8	1.9336724	0.515077264021152	0.447110423491836
3.85	1.95881705	0.503559411315129	0.468895153095057
3.9	1.9839617	0.491502986580049	0.489948325714158
3.95	2.00910635	0.478926384560232	0.510269941349139
4	2.034251	0.465848	0.529860
4.05	2.0598488	0.452096701980418	0.544303891997984
4.1	2.0854466	0.437994762795984	0.557256195364602
4.15	2.1110444	0.423580363834166	0.568716910099852
4.2	2.1366422	0.408891686482432	0.578686036203736
4.25	2.16224	0.39396691212825	0.587163573676253
4.3	2.1878378	0.378844222159088	0.594149522517404
4.35	2.2134356	0.363561797962414	0.599643882727187
4.4	2.2390334	0.348157820925696	0.603646654305604
4.45	2.2646312	0.332670472436402	0.606157837252654
4.5	2.290229	0.317137933882	0.607177431568338
4.55	2.3158268	0.301598386649958	0.606705437252654
4.6	2.3414246	0.286090012127744	0.604741854305604
4.65	2.3670224	0.270650991702826	0.601286682727187
4.7	2.3926202	0.255319506762672	0.596339922517404
4.75	2.418218	0.24013373869475	0.589901573676253
4.8	2.4438158	0.225131868886528	0.581971636203736
4.85	2.4694136	0.210352078725474	0.572550110099852
4.9	2.4950114	0.195832549599056	0.561636995364602
4.95	2.5206092	0.181611462894742	0.549232291997984
5	2.546207	0.167727	0.535336
5.05	2.5714618	0.154492832239448	0.512644187138128
5.1	2.5967166	0.141837158147264	0.489523428261717
5.15	2.6219714	0.129770810669256	0.465973723370765
5.2	2.6472262	0.118304622751232	0.441995072465274
5.25	2.672481	0.107449427339	0.417587475545243
5.3	2.6977358	0.097216057378368	0.392750932610672
5.35	2.7229906	0.087615345815144	0.367485443661561
5.4	2.7482454	0.078658125595136	0.341791008697911
5.45	2.7735002	0.070355229664152	0.315667627719721
5.5	2.798755	0.062717490968	0.289115300726991
5.55	2.8240098	0.055755742452488	0.262134027719721
5.6	2.8492646	0.049480817063424	0.234723808697911
5.65	2.8745194	0.043903547746616	0.206884643661561
5.7	2.8997742	0.039034767447872	0.178616532610672
5.75	2.925029	0.034885309113	0.149919475545243
5.8	2.9502838	0.031466005687808	0.120793472465274
5.85	2.9755386	0.028787690118104	0.0912385233707652
5.9	3.0007934	0.026861195349696	0.0612546282617166
5.95	3.0260482	0.025697354328392	0.0308417871381282
6	3.051303	0.025307	0.000000