0	0.000000	0.000000	0.000000
0.05	0.0277268	0.000472284633873	-0.0340262450870277
0.1	0.0554536	0.001884617033624	-0.0678078801648946
0.15	0.0831804	0.004230214946451	-0.101344905233601
0.2	0.1109072	0.007502296119552	-0.134637320293146
0.25	0.138634	0.011694078300125	-0.16768512534353
0.3	0.1663608	0.016798779235368	-0.200488320384754
0.35	0.1940876	0.022809616672479	-0.233046905416817
0.4	0.2218144	0.029719808358656	-0.265360880439719
0.45	0.2495412	0.037522572041097	-0.29743024545346
0.5	0.277268	0.046211125467	-0.329255000458041
0.55	0.3049948	0.055778686383563	-0.36083514545346
0.6	0.3327216	0.066218472537984	-0.392170680439719
0.65	0.3604484	0.077523701677461	-0.423261605416817
0.7	0.3881752	0.089687591549192	-0.454107920384754
0.75	0.415902	0.102703359900375	-0.48470962534353
0.8	0.4436288	0.116564224478208	-0.515066720293146
0.85	0.4713556	0.131263403029889	-0.545179205233601
0.9	0.4990824	0.146794113302616	-0.575047080164895
0.95	0.5268092	0.163149573043587	-0.604670345087028
1	0.554536	0.180323	-0.634049
1.05	0.5821064	0.198058002365814	-0.652148879566564
1.1	0.6096768	0.216264981512752	-0.668286934968227
1.15	0.6372472	0.234889849163858	-0.682463166204988
1.2	0.6648176	0.253878517042176	-0.694677573276848
1.25	0.692388	0.27317689687075	-0.704930156183806
1.3	0.7199584	0.292730900372624	-0.713220914925862
1.35	0.7475288	0.312486439270842	-0.719549849503018
1.4	0.7750992	0.332389425288448	-0.723916959915271
1.45	0.8026696	0.352385770148486	-0.726322246162624
1.5	0.83024	0.372421385574	-0.726765708245074
1.55	0.8578104	0.392442183288034	-0.725247346162624
1.6	0.8853808	0.412394075013632	-0.721767159915271
1.65	0.9129512	0.432222972473838	-0.716325149503018
1.7	0.9405216	0.451874787391696	-0.708921314925862
1.75	0.968092	0.47129543149025	-0.699555656183806
1.8	0.9956624	0.490430816492544	-0.688228173276847
1.85	1.0232328	0.509226854121622	-0.674938866204988
1.9	1.0508032	0.527629456100528	-0.659687734968226
1.95	1.0783736	0.545584534152306	-0.642474779566564
2	1.105944	0.563038	-0.623300
2.05	1.133284	0.5797535974068	-0.599361908427213
2.1	1.160624	0.5958038726784	-0.574629763335772
2.15	1.187964	0.6111671163916	-0.549103564725677
2.2	1.215304	0.6258216191232	-0.522783312596928
2.25	1.242644	0.63974567145	-0.495669006949524
2.3	1.269984	0.6529175639488	-0.467760647783467
2.35	1.297324	0.6653155871964	-0.439058235098756
2.4	1.324664	0.6769180317696	-0.409561768895391
2.45	1.352004	0.6877031882452	-0.379271249173372
2.5	1.379344	0.6976493472	-0.348186675932699
2.55	1.406684	0.7067347992108	-0.316308049173372
2.6	1.434024	0.7149378348544	-0.283635368895391
2.65	1.461364	0.7222367447076	-0.250168635098756
2.7	1.488704	0.7286098193472	-0.215907847783468
2.75	1.516044	0.73403534935	-0.180853006949524
2.8	1.543384	0.7384916252928	-0.145004112596927
2.85	1.570724	0.7419569377524	-0.108361164725677
2.9	1.598064	0.7444095773056	-0.0709241633357718
2.95	1.625404	0.7458278345292	-0.032693108427213
3	1.652744	0.746190	0.006332
3.05	1.6801809	0.745495683301361	0.0441094085792673
3.1	1.7076178	0.743778904163964	0.0808639215186118
3.15	1.7350547	0.741067727673194	0.116595538818033
3.2	1.7624916	0.737390218914432	0.151304260477532
3.25	1.7899285	0.732774442973062	0.184990086497108
3.3	1.8173654	0.727248464934468	0.217653016876761
3.35	1.8448023	0.720840349884032	0.249293051616491
3.4	1.8722392	0.713578162907136	0.279910190716298
3.45	1.8996761	0.705489969089165	0.309504434176182
3.5	1.927113	0.6966038335155	0.338075781996144
3.55	1.9545499	0.686947821271526	0.365624234176182
3.6	1.9819868	0.676549997442624	0.392149790716298
3.65	2.0094237	0.665438427114179	0.417652451616491
3.7	2.0368606	0.653641175371572	0.442132216876761
3.75	2.0642975	0.641186307300188	0.465589086497108
3.8	2.0917344	0.628101887985408	0.488023060477532
3.85	2.1191713	0.614415982512617	0.509434138818033
3.9	2.1466082	0.600156655967196	0.529822321518612
3.95	2.1740451	0.58535197343453	0.549187608579267
4	2.201482	0.570030	0.567530
4.05	2.2289161	0.554304911144318	0.578617914830148
4.1	2.2563502	0.538295558927762	0.588253359678174
4.15	2.2837843	0.522041790557069	0.59643633454408
4.2	2.3112184	0.505583453238976	0.603166839427866
4.25	2.3386525	0.488960394180219	0.60844487432953
4.3	2.3660866	0.472212460587534	0.612270439249074
4.35	2.3935207	0.455379499667658	0.614643534186496
4.4	2.4209548	0.438501358627328	0.615564159141798
4.45	2.4483889	0.42161788467328	0.615032314114979
4.5	2.475823	0.40476892501225	0.61304799910604
4.55	2.5032571	0.387994326850975	0.60961121411498
4.6	2.5306912	0.371333937396192	0.604721959141798
4.65	2.5581253	0.354827603854637	0.598380234186496
4.7	2.5855594	0.338515173433046	0.590586039249073
4.75	2.6129935	0.322436493338156	0.58133937432953
4.8	2.6404276	0.306631410776704	0.570640239427866
4.85	2.6678617	0.291139772955426	0.55848863454408
4.9	2.6952958	0.276001427081058	0.544884559678174
4.95	2.7227299	0.261256220360337	0.529828014830148
5	2.750164	0.246944	0.513319
5.05	2.7776155	0.233173535433029	0.48989930593096
5.1	2.805067	0.22004922202383	0.466243163869187
5.15	2.8325185	0.207577550624476	0.442350573814682
5.2	2.85997	0.19576501208704	0.418221535767444
5.25	2.8874215	0.184618097263594	0.393856049727474
5.3	2.914873	0.17414329700621	0.369254115694771
5.35	2.9423245	0.164347102166961	0.344415733669335
5.4	2.969776	0.15523600359792	0.319340903651167
5.45	2.9972275	0.146816492151159	0.294029625640266
5.5	3.024679	0.13909505867875	0.268481899636632
5.55	3.0521305	0.132078194032766	0.242697725640265
5.6	3.079582	0.12577238906528	0.216677103651167
5.65	3.1070335	0.120184134628364	0.190420033669335
5.7	3.134485	0.11531992157409	0.163926515694771
5.75	3.1619365	0.111186240754531	0.137196549727474
5.8	3.189388	0.10778958302176	0.110230135767444
5.85	3.2168395	0.105136439227849	0.0830272738146822
5.9	3.244291	0.10323330022487	0.0555879638691875
5.95	3.2717425	0.102086656864896	0.02791220593096
6	3.299194	0.101703	0.000000