0	0.000000	0.000000	0.000000
0.05	0.024988	0.0003160788933	-0.0252615761925724
0.1	0.049976	0.0012606294904	-0.0503018812069794
0.15	0.074964	0.0028281226671	-0.0751209150432208
0.2	0.099952	0.0050130292992	-0.0997186777012967
0.25	0.12494	0.0078098202625	-0.124095169181207
0.3	0.149928	0.0112129664328	-0.148250389482952
0.35	0.174916	0.0152169386859	-0.172184338606531
0.4	0.199904	0.0198162078976	-0.195897016551945
0.45	0.224892	0.0250052449437	-0.219388423319193
0.5	0.24988	0.0307785207	-0.242658558908276
0.55	0.274868	0.0371305060423	-0.265707423319193
0.6	0.299856	0.0440556718464	-0.288535016551945
0.65	0.324844	0.0515484889881	-0.311141338606531
0.7	0.349832	0.0596034283432	-0.333526389482952
0.75	0.37482	0.0682149607875	-0.355690169181207
0.8	0.399808	0.0773775571968	-0.377632677701297
0.85	0.424796	0.0870856884469	-0.399353915043221
0.9	0.449784	0.0973338254136	-0.420853881206979
0.95	0.474772	0.1081164389727	-0.442132576192573
1	0.499760	0.119428	-0.463190
1.05	0.52476525	0.131211981629208	-0.479067274268879
1.1	0.5497705	0.143373224817815	-0.493364588088402
1.15	0.57477575	0.155872222259794	-0.506081941458569
1.2	0.599781	0.16866946664912	-0.51721933437938
1.25	0.62478625	0.181725450679766	-0.526776766850836
1.3	0.6497915	0.195000667045705	-0.534754238872937
1.35	0.67479675	0.208455608440912	-0.541151750445682
1.4	0.699802	0.22205076755936	-0.545969301569071
1.45	0.72480725	0.235746637095023	-0.549206892243104
1.5	0.7498125	0.249503709741875	-0.550864522467782
1.55	0.77481775	0.263282478193889	-0.550942192243104
1.6	0.799823	0.27704343514504	-0.549439901569071
1.65	0.82482825	0.290747073289301	-0.546357650445682
1.7	0.8498335	0.304353885320645	-0.541695438872937
1.75	0.87483875	0.317824363933047	-0.535453266850836
1.8	0.899844	0.33111900182048	-0.52763113437938
1.85	0.92484925	0.344198291676918	-0.518229041458569
1.9	0.9498545	0.357022726196335	-0.507246988088402
1.95	0.97485975	0.369552798072704	-0.494684974268879
2	0.999865	0.381749	-0.480543
2.05	1.0246789	0.39346115928838	-0.463335133712355
2.1	1.0494928	0.40473726143958	-0.445396800718146
2.15	1.0743067	0.41555918072579	-0.426728001017373
2.2	1.0991206	0.4259087914192	-0.407328734610037
2.25	1.1239345	0.435767967792	-0.387199001496137
2.3	1.1487484	0.44511858411638	-0.366338801675674
2.35	1.1735623	0.45394251466453	-0.344748135148646
2.4	1.1983762	0.46222163370864	-0.322427001915056
2.45	1.2231901	0.4699378155209	-0.299375401974901
2.5	1.248004	0.4770729343735	-0.275593335328183
2.55	1.2728179	0.48360886453863	-0.251080801974901
2.6	1.2976318	0.48952748028848	-0.225837801915056
2.65	1.3224457	0.49481065589524	-0.199864335148646
2.7	1.3472596	0.4994402656311	-0.173160401675674
2.75	1.3720735	0.50339818376825	-0.145726001496137
2.8	1.3968874	0.50666628457888	-0.117561134610037
2.85	1.4217013	0.50922644233518	-0.0886658010173734
2.9	1.4465152	0.51106053130934	-0.0590400007181458
2.95	1.4713291	0.51215042577355	-0.0286837337123548
3	1.496143	0.512478	0.002403
3.05	1.5215765	0.512020442917546	0.0334687220579649
3.1	1.54701	0.51078108795897	0.0638808049519335
3.15	1.5724435	0.508776559455949	0.0936392486819058
3.2	1.597877	0.50602348174016	0.122744053247882
3.25	1.6233105	0.502538479143281	0.151195218649861
3.3	1.648744	0.49833817599699	0.178992744887845
3.35	1.6741775	0.493439196632964	0.206136631961832
3.4	1.699611	0.48785816538288	0.232626879871823
3.45	1.7250445	0.481611706578416	0.258463488617817
3.5	1.750478	0.47471644455125	0.283646458199815
3.55	1.7759115	0.467189003633059	0.308175788617817
3.6	1.801345	0.45904600815552	0.332051479871823
3.65	1.8267785	0.450304082450311	0.355273531961832
3.7	1.852212	0.44097985084911	0.377841944887845
3.75	1.8776455	0.431089937683594	0.399756718649861
3.8	1.903079	0.42065096728544	0.421017853247882
3.85	1.9285125	0.409679563986326	0.441625348681906
3.9	1.953946	0.39819235211793	0.461579204951934
3.95	1.9793795	0.386205956011929	0.480879422057965
4	2.004813	0.373737	0.499526
4.05	2.03039645	0.360768687570875	0.514018114611258
4.1	2.0559799	0.347449625890093	0.526946011895014
4.15	2.08156335	0.33381983303344	0.53830969185127
4.2	2.1071468	0.319919327076704	0.548109154480025
4.25	2.13273025	0.305788126095672	0.55634439978128
4.3	2.1583137	0.291466248166131	0.563015427755033
4.35	2.18389715	0.276993711363869	0.568122238401286
4.4	2.2094806	0.262410533764672	0.571664831720038
4.45	2.23506405	0.247756733444328	0.573643207711289
4.5	2.2606475	0.233072328478625	0.57405736637504
4.55	2.28623095	0.218397336943349	0.572907307711289
4.6	2.3118144	0.203771776914288	0.570193031720038
4.65	2.33739785	0.189235666467229	0.565914538401286
4.7	2.3629813	0.174829023677959	0.560071827755033
4.75	2.38856475	0.160591866622266	0.55266489978128
4.8	2.4141482	0.146564213375936	0.543693754480025
4.85	2.43973165	0.132786082014757	0.53315839185127
4.9	2.4653151	0.119297490614517	0.521058811895014
4.95	2.49089855	0.106138457251002	0.507395014611258
5	2.516482	0.093349	0.492167
5.05	2.54216735	0.0810306953077614	0.467012282688804
5.1	2.5678527	0.069357759721411	0.441915077726155
5.15	2.59353805	0.0583287160161471	0.416875385112053
5.2	2.6192234	0.047942086967168	0.391893204846498
5.25	2.64490875	0.0381963953496719	0.36696853692949
5.3	2.6705941	0.029090163938857	0.342101381361029
5.35	2.69627945	0.0206219155099216	0.317291738141114
5.4	2.7219648	0.012790172838064	0.292539607269747
5.45	2.74765015	0.00559345869848236	0.267844988746927
5.5	2.7733355	-0.000969704133625002	0.243207882572653
5.55	2.79902085	-0.00690079288305989	0.218628288746927
5.6	2.8247062	-0.012201284774624	0.194106207269747
5.65	2.85039155	-0.0168726570331191	0.169641638141114
5.7	2.8760769	-0.020916386883347	0.145234581361029
5.75	2.90176225	-0.0243339515501094	0.12088503692949
5.8	2.9274476	-0.027126828258208	0.096593004846498
5.85	2.95313295	-0.0292964942324446	0.0723584851120531
5.9	2.9788183	-0.030844426697621	0.0481814777261551
5.95	3.00450365	-0.0317721028785388	0.0240619826888041
6	3.030189	-0.032081	0.000000