0	0.000000	0.000000	0.000000
0.05	0.02503595	0.000402070343517125	-0.0320295209386452
0.1	0.0500719	0.001599276564907	-0.0635195291469067
0.15	0.07510785	0.00357811145042738	-0.0944700246247846
0.2	0.1001438	0.006325067786336	-0.124881007372279
0.25	0.12517975	0.00982663835889062	-0.154752477389389
0.3	0.1502157	0.014069315954349	-0.184084434676116
0.35	0.17525165	0.0190395933589689	-0.212876879232459
0.4	0.2002876	0.024723963359008	-0.241129811058418
0.45	0.22532355	0.0311089187407241	-0.268843230153994
0.5	0.2503595	0.038180952290375	-0.296017136519185
0.55	0.27539545	0.0459265567942184	-0.322651530153994
0.6	0.3004314	0.054332225038512	-0.348746411058418
0.65	0.32546735	0.0633844498095136	-0.374301779232459
0.7	0.3505033	0.073069723893481	-0.399317634676116
0.75	0.37553925	0.0833745400766719	-0.423793977389389
0.8	0.4005752	0.094285391145344	-0.447730807372279
0.85	0.42561115	0.105788769885755	-0.471128124624784
0.9	0.4506471	0.117871169084163	-0.493985929146907
0.95	0.47568305	0.130519081526825	-0.516304220938645
1	0.500719	0.143719	-0.538083
1.05	0.5259054	0.157431561973322	-0.550549253707001
1.1	0.5510918	0.171438914343376	-0.561491696497475
1.15	0.5762782	0.185702677798894	-0.570910328371423
1.2	0.6014646	0.200184473028608	-0.578805149328844
1.25	0.626651	0.21484592072125	-0.585176159369739
1.3	0.6518374	0.229648641565552	-0.590023358494108
1.35	0.6770238	0.244554256250246	-0.59334674670195
1.4	0.7022102	0.259524385464064	-0.595146323993266
1.45	0.7273966	0.274520649895738	-0.595422090368056
1.5	0.752583	0.289504670234	-0.594174045826319
1.55	0.7777694	0.304438067167582	-0.591402190368056
1.6	0.8029558	0.319282461385216	-0.587106523993266
1.65	0.8281422	0.333999473575634	-0.58128704670195
1.7	0.8533286	0.348550724427568	-0.573943758494108
1.75	0.878515	0.36289783462975	-0.565076659369739
1.8	0.9037014	0.377002424870912	-0.554685749328844
1.85	0.9288878	0.390826115839786	-0.542771028371423
1.9	0.9540742	0.404330528225104	-0.529332496497475
1.95	0.9792606	0.417477282715598	-0.514370153707001
2	1.004447	0.430228	-0.497884
2.05	1.0296521	0.44250355341391	-0.47611625250247
2.1	1.0548572	0.45422644938496	-0.454031173162574
2.15	1.0800623	0.46538868953233	-0.431628761980314
2.2	1.1052674	0.4759822754752	-0.408909018955688
2.25	1.1304725	0.48599920883275	-0.385871944088696
2.3	1.1556776	0.49543149122416	-0.36251753737934
2.35	1.1808827	0.50427112426861	-0.338845798827618
2.4	1.2060878	0.51251010958528	-0.314856728433531
2.45	1.2312929	0.52014044879335	-0.290550326197079
2.5	1.256498	0.527154143512	-0.265926592118262
2.55	1.2817031	0.53354319536041	-0.240985526197079
2.6	1.3069082	0.53929960595776	-0.215727128433531
2.65	1.3321133	0.54441537692323	-0.190151398827618
2.7	1.3573184	0.548882509876	-0.16425833737934
2.75	1.3825235	0.55269300643525	-0.138047944088696
2.8	1.4077286	0.55583886822016	-0.111520218955688
2.85	1.4329337	0.55831209684991	-0.0846751619803136
2.9	1.4581388	0.56010469394368	-0.0575127731625743
2.95	1.4833439	0.56120866112065	-0.0300330525024698
3	1.508549	0.561616	-0.002236
3.05	1.53221875	0.561337072765768	0.0256887934191584
3.1	1.5558885	0.560405370786795	0.0529208770047212
3.15	1.57955825	0.558837290331664	0.0794602507566884
3.2	1.603228	0.55664922766896	0.10530691467506
3.25	1.62689775	0.553857579067266	0.130460868759836
3.3	1.6505675	0.550478740795165	0.154922113011016
3.35	1.67423725	0.546529109121242	0.178690647428601
3.4	1.697907	0.54202508031408	0.20176647201259
3.45	1.72157675	0.536983050642263	0.224149586762983
3.5	1.7452465	0.531419416374375	0.245839991679781
3.55	1.76891625	0.525350573778999	0.266837686762983
3.6	1.792586	0.51879291912472	0.28714267201259
3.65	1.81625575	0.511762848680121	0.306754947428601
3.7	1.8399255	0.504276758713785	0.325674513011016
3.75	1.86359525	0.496351045494297	0.343901368759836
3.8	1.887265	0.48800210529024	0.36143551467506
3.85	1.91093475	0.479246334370198	0.378276950756688
3.9	1.9346045	0.470100129002755	0.394425677004721
3.95	1.95827425	0.460579885456494	0.409881693419158
4	1.981944	0.450702	0.424645
4.05	2.0057629	0.440430621166414	0.437591351658085
4.1	2.0295818	0.42986658316931	0.449218692615318
4.15	2.0534007	0.419041303392671	0.459527022871701
4.2	2.0772196	0.40798619922048	0.468516342427232
4.25	2.1010385	0.396732688036719	0.476186651281913
4.3	2.1248574	0.38531218722537	0.482537949435742
4.35	2.1486763	0.373756114170416	0.487570236888721
4.4	2.1724952	0.36209588625584	0.491283513640848
4.45	2.1963141	0.350362920865624	0.493677779692125
4.5	2.220133	0.33858863538375	0.49475303504255
4.55	2.2439519	0.326804447194201	0.494509279692125
4.6	2.2677708	0.31504177368096	0.492946513640848
4.65	2.2915897	0.303332032228009	0.490064736888721
4.7	2.3154086	0.29170664021933	0.485863949435742
4.75	2.3392275	0.280197015038906	0.480344151281913
4.8	2.3630464	0.26883457407072	0.473505342427232
4.85	2.3868653	0.257650734698754	0.465347522871701
4.9	2.4106842	0.24667691430699	0.455870692615318
4.95	2.4345031	0.235944530279411	0.445074851658085
5	2.458322	0.225485	0.432960
5.05	2.48221895	0.21537378506652	0.413240924203298
5.1	2.5061159	0.20573622197536	0.393318803753617
5.15	2.53001285	0.19657716287444	0.373193638650958
5.2	2.5539098	0.18790145991168	0.352865428895319
5.25	2.57780675	0.179713965235	0.332334174486702
5.3	2.6017037	0.17201953099232	0.311599875425106
5.35	2.62560065	0.16482300933156	0.290662531710532
5.4	2.6494976	0.15812925240064	0.269522143342979
5.45	2.67339455	0.15194311234748	0.248178710322447
5.5	2.6972915	0.14626944132	0.226632232648936
5.55	2.72118845	0.14111309146612	0.204882710322447
5.6	2.7450854	0.13647891493376	0.182930143342979
5.65	2.76898235	0.13237176387084	0.160774531710532
5.7	2.7928793	0.12879649042528	0.138415875425106
5.75	2.81677625	0.125757946745	0.115854174486702
5.8	2.8406732	0.12326098497792	0.0930894288953192
5.85	2.86457015	0.12131045727196	0.0701216386509575
5.9	2.8884671	0.11991121577504	0.0469508037536171
5.95	2.91236405	0.11906811263508	0.0235769242032979
6	2.936261	0.118786	0.000000